DIAMOND     LANL SESAME #7830 DATED: 51479 101582
   341     6.00000000E+00 1.20110000E+01 3.50998000E+00    4770
 9.30000000E+01 2.50000000E+01 3.52384979E-01 3.80496547E-01 4.10850721E-01
 4.43626404E-01 4.79016773E-01 5.17230413E-01 5.58492554E-01 6.03046388E-01
 6.51154511E-01 7.03100468E-01 7.59190422E-01 8.19754961E-01 8.85151046E-01
 9.55764115E-01 1.03201035E+00 1.11433915E+00 1.20323573E+00 1.29922406E+00
 1.40286987E+00 1.51478404E+00 1.63562618E+00 1.76610853E+00 1.90700012E+00
 2.05913136E+00 2.22339890E+00 2.40077091E+00 2.48773576E+00 2.59229280E+00
 2.79909338E+00 3.02239151E+00 3.26350328E+00 3.50997991E+00 3.52384979E+00
 3.80496547E+00 4.10850721E+00 4.43626404E+00 4.79016773E+00 5.17230413E+00
 5.58492554E+00 6.03046388E+00 6.51154511E+00 7.03100468E+00 7.59190422E+00
 8.19754961E+00 8.85151046E+00 9.55764115E+00 1.03201035E+01 1.11433915E+01
 1.20323573E+01 1.29922406E+01 1.40286987E+01 1.51478404E+01 1.63562618E+01
 1.76610853E+01 1.90700012E+01 2.05913136E+01 2.22339890E+01 2.40077091E+01
 2.59229280E+01 2.79909338E+01 3.02239151E+01 3.26350328E+01 3.52384979E+01
 3.80496547E+01 4.10850721E+01 4.43626404E+01 4.79016773E+01 5.17230413E+01
 5.58492554E+01 6.03046388E+01 6.51154511E+01 7.03100468E+01 7.59190422E+01
 8.19754961E+01 8.85151046E+01 9.55764115E+01 1.03201035E+02 1.11433915E+02
 1.20323573E+02 1.29922406E+02 1.40286987E+02 1.51478404E+02 1.63562618E+02
 1.76610853E+02 1.90700012E+02 2.05913136E+02 2.22339890E+02 2.40077091E+02
 2.59229280E+02 2.79909338E+02 3.02239151E+02 3.26350328E+02 3.52384979E+02
 0.00000000E+00 2.56896679E-05 4.99993537E-04 9.99987075E-04 1.49998061E-03
 1.99997415E-03 2.49996769E-03 4.22778338E-03 7.14975333E-03 1.20911996E-02
 2.04478533E-02 3.45800848E-02 5.84795989E-02 9.88969091E-02 1.67248045E-01
 2.82839056E-01 4.78319087E-01 8.08902250E-01 1.36796308E+00 2.31341052E+00
 3.91228999E+00 6.61621135E+00 1.11889080E+01 1.89219562E+01 3.19995864E+01
-3.02734895E+10-3.52605768E+10-4.10606874E+10-4.78030087E+10-5.56359295E+10
-6.47293577E+10-7.52770878E+10-8.74990965E+10-1.01643575E+11-1.17988408E+11
-1.36841662E+11-1.58540447E+11-1.83447225E+11-2.11942225E+11-2.44410072E+11
-2.81217918E+11-3.22681269E+11-3.69012116E+11-4.20241844E+11-4.76108337E+11
-5.35892529E+11-5.98183796E+11-6.60545508E+11-7.19040813E+11-7.67563160E+11
-7.96894481E+11-8.00387736E+11-7.93384043E+11-7.37099547E+11-5.99244680E+11
-3.40768349E+11-1.50072031E+09 1.90868812E+10 4.70775537E+11 1.03027956E+12
 1.71474969E+12 2.54306284E+12 3.53532260E+12 4.71097564E+12 6.09180327E+12
 7.68418663E+12 9.52510774E+12 1.16065446E+13 1.39933975E+13 1.67645407E+13
 2.00129640E+13 2.38481434E+13 2.83987658E+13 3.38158571E+13 4.02763775E+13
 4.79873503E+13 5.71906047E+13 6.81682230E+13 8.12487959E+13 9.68146052E+13
 1.15309870E+14 1.37250210E+14 1.63233512E+14 1.93952391E+14 2.30208489E+14
 2.72928879E+14 3.23184869E+14 3.82213567E+14 4.51442598E+14 5.32518427E+14
 6.27338821E+14 7.38090025E+14 8.67289345E+14 1.01783391E+15 1.19305652E+15
 1.39678950E+15 1.63343788E+15 1.90806306E+15 2.22647852E+15 2.59535935E+15
 3.02236746E+15 3.51629477E+15 4.08722688E+15 4.74673021E+15 5.50806584E+15
 6.38643384E+15 7.39925251E+15 8.56647724E+15 9.91096487E+15 1.14588897E+16
 1.32402185E+16 1.52892530E+16 1.76452492E+16 2.03531237E+16 2.34642611E+16
 2.70374342E+16 3.11398544E+16 3.58483705E+16-2.87307496E+10-3.36371726E+10
-3.93557377E+10-4.60159440E+10-5.37664239E+10-6.27775159E+10-7.32448117E+10
-8.53919514E+10-9.94660293E+10-1.15745599E+11-1.34539627E+11-1.56186210E+11
-1.81048793E+11-2.09508549E+11-2.41950962E+11-2.78743928E+11-3.20203543E+11
-3.66542210E+11-4.17791637E+11-4.73689657E+11-5.33516893E+11-5.95862199E+11
-6.58288210E+11-7.16857158E+11-7.65461438E+11-7.94881850E+11-7.98418516E+11
-7.91466518E+11-7.35282106E+11-5.97531466E+11-3.39162793E+11-1.29886887E+05
 2.05817606E+10 4.72177088E+11 1.03161670E+12 1.71604524E+12 2.54433475E+12
 3.53658476E+12 4.71223856E+12 6.09307444E+12 7.68547098E+12 9.52640804E+12
 1.16078617E+13 1.39947307E+13 1.67658879E+13 2.00143219E+13 2.38495080E+13
 2.84001323E+13 3.38172205E+13 4.02777325E+13 4.79886916E+13 5.71919273E+13
 6.81695222E+13 8.12500674E+13 9.68158454E+13 1.15311075E+14 1.37251379E+14
 1.63234642E+14 1.93953480E+14 2.30209536E+14 2.72929884E+14 3.23185831E+14
 3.82214487E+14 4.51443475E+14 5.32519264E+14 6.27339617E+14 7.38090782E+14
 8.67290064E+14 1.01783460E+15 1.19305717E+15 1.39679011E+15 1.63343846E+15
 1.90806361E+15 2.22647904E+15 2.59535985E+15 3.02236793E+15 3.51629522E+15
 4.08722730E+15 4.74673061E+15 5.50806622E+15 6.38643421E+15 7.39925286E+15
 8.56647757E+15 9.91096520E+15 1.14588900E+16 1.32402188E+16 1.52892533E+16
 1.76452494E+16 2.03531240E+16 2.34642614E+16 2.70374345E+16 3.11398547E+16
 3.58483708E+16 5.71919492E+09 3.91187193E+09 1.60227813E+09-1.27041193E+09
-4.77434186E+09-9.04990084E+09-1.45238907E+10-2.19683850E+10-3.11725398E+10
-4.23583352E+10-5.57978689E+10-7.18114272E+10-9.07535125E+10-1.13001917E+11
-1.38943557E+11-1.68952747E+11-2.03357607E+11-2.42394887E+11-2.86211880E+11
-3.34561572E+11-3.86750867E+11-4.41425238E+11-4.96224810E+11-5.47309940E+11
-5.88694050E+11-6.11305328E+11-6.11873042E+11-6.01670043E+11-5.40087381E+11
-3.98057819E+11-1.36820707E+11 2.03433227E+11 2.24028587E+11 6.77438364E+11
 1.24164213E+12 1.93379016E+12 2.77277418E+12 3.77872786E+12 4.97114265E+12
 6.37182049E+12 7.98720793E+12 9.85438722E+12 1.19654424E+13 1.43853898E+13
 1.71932314E+13 2.04820962E+13 2.43616118E+13 2.89606275E+13 3.44303345E+13
 4.09478370E+13 4.87203598E+13 5.79899422E+13 6.90388797E+13 8.21959812E+13
 9.78437506E+13 1.16426632E+14 1.38460471E+14 1.64543381E+14 1.95368157E+14
 2.31736637E+14 2.74576121E+14 3.24958117E+14 3.84119908E+14 4.53489270E+14
 5.34712792E+14 6.29688324E+14 7.40602156E+14 8.69971566E+14 1.02069358E+15
 1.19610091E+15 1.40002571E+15 1.63687271E+15 1.91170293E+15 2.23032939E+15
 2.59942657E+15 3.02665567E+15 3.52080775E+15 4.09196743E+15 4.75169999E+15
 5.51326523E+15 6.39186177E+15 7.40490629E+15 8.57235247E+15 9.91705523E+15
 1.14651868E+16 1.32467120E+16 1.52959300E+16 1.76520943E+16 2.03601197E+16
 2.34713882E+16 2.70446707E+16 3.11471763E+16 3.58557521E+16 4.09095929E+10
 4.27202989E+10 4.43312322E+10 4.56799775E+10 4.66985921E+10 4.73112322E+10
 4.73725731E+10 4.56459334E+10 4.23586636E+10 3.73171116E+10 3.03146702E+10
 2.10738515E+10 9.26908800E+09-5.45644552E+09-2.34741552E+10-4.51473373E+10
-7.07974069E+10-1.00689794E+11-1.35411171E+11-1.74587811E+11-2.17455767E+11
-2.62686692E+11-3.07984798E+11-3.49602274E+11-3.81671896E+11-3.95271756E+11
-3.91814662E+11-3.77113237E+11-3.07798328E+11-1.59257999E+11 1.07012353E+11
 4.50338864E+11 4.71052830E+11 9.28425216E+11 1.49977657E+12 2.20231844E+12
 3.05501537E+12 4.07808904E+12 5.29113556E+12 6.71595829E+12 8.35912431E+12
 1.02579229E+13 1.24046431E+13 1.48645208E+13 1.77167982E+13 2.10548695E+13
 2.49886543E+13 2.96473229E+13 3.51823903E+13 4.17712207E+13 4.96214858E+13
 5.89757017E+13 7.01166650E+13 8.33737191E+13 9.91299420E+13 1.17830395E+14
 1.39991587E+14 1.66212345E+14 1.97186124E+14 2.33715521E+14 2.76728767E+14
 3.27298329E+14 3.86662496E+14 4.56250114E+14 5.37708901E+14 6.32937912E+14
 7.44124706E+14 8.73787911E+14 1.02482585E+15 1.20057268E+15 1.40486215E+15
 1.64210061E+15 1.91735078E+15 2.23642738E+15 2.60600668E+15 3.03375166E+15
 3.52845519E+15 4.10020352E+15 4.76056363E+15 5.52279714E+15 6.40210430E+15
 7.41590324E+15 8.58414887E+15 9.92969712E+15 1.14787209E+16 1.32611853E+16
 1.53113895E+16 1.76685864E+16 2.03776892E+16 2.34900778E+16 2.70645200E+16
 3.11682211E+16 3.58780230E+16 7.54158183E+10 8.08843213E+10 8.65152422E+10
 9.22615895E+10 9.80493080E+10 1.03737349E+11 1.08974208E+11 1.13035247E+11
 1.16063687E+11 1.17689765E+11 1.17726221E+11 1.15926105E+11 1.11994109E+11
 1.05601739E+11 9.64039994E+10 8.40623583E+10 6.82787987E+10 4.87637430E+10
 2.42315275E+10-4.77707676E+09-3.73363799E+10-7.21031589E+10-1.06821493E+11
-1.37817068E+11-1.59325264E+11-1.62556809E+11-1.54403310E+11-1.34389108E+11
-5.58336075E+10 1.00563939E+11 3.73231019E+11 7.21003733E+11 7.41913384E+11
 1.20469887E+12 1.78457276E+12 2.49882937E+12 3.36652275E+12 4.40797665E+12
 5.64290372E+12 7.09300827E+12 8.76497559E+12 1.06963526E+13 1.28796588E+13
 1.53803671E+13 1.82779750E+13 2.16661559E+13 2.56551360E+13 3.03744226E+13
 3.59758484E+13 4.26369587E+13 5.05659282E+13 6.00057945E+13 7.12398889E+13
 8.45981210E+13 1.00464175E+14 1.19283767E+14 1.41574110E+14 1.67934791E+14
 1.99059938E+14 2.35752931E+14 2.78943022E+14 3.29703729E+14 3.89274455E+14
 4.59085231E+14 5.40785048E+14 6.36274323E+14 7.47742079E+14 8.77708486E+14
 1.02907331E+15 1.20517257E+15 1.40984197E+15 1.64748995E+15 1.92318142E+15
 2.24273343E+15 2.61282474E+15 3.04112096E+15 3.53641774E+15 4.10880425E+15
 4.76985040E+15 5.53282109E+15 6.41292004E+15 7.42756897E+15 8.59672651E+15
 9.94325246E+15 1.14933237E+16 1.32769092E+16 1.53283123E+16 1.76867899E+16
 2.03972590E+16 2.35111037E+16 2.70870951E+16 3.11924423E+16 3.59039901E+16
 1.09796842E+11 1.18830857E+11 1.28382882E+11 1.38423985E+11 1.48889900E+11
 1.59638567E+11 1.70332867E+11 1.80381016E+11 1.89889213E+11 1.98449367E+11
 2.05879115E+11 2.11951634E+11 2.16397670E+11 2.18917541E+11 2.19196643E+11
 2.16928110E+11 2.11846962E+11 2.03661011E+11 1.90412431E+11 1.72657844E+11
 1.51497128E+11 1.28321052E+11 1.05372514E+11 8.62752518E+10 7.67130329E+10
 8.53650751E+10 9.89686361E+10 1.25212865E+11 2.14675055E+11 3.80338160E+11
 6.60806634E+11 1.01443299E+12 1.03561719E+12 1.50530642E+12 2.09512765E+12
 2.82247928E+12 3.70652149E+12 4.76769448E+12 6.02583904E+12 7.50239266E+12
 9.20417145E+12 1.11690579E+13 1.33898330E+13 1.59322233E+13 1.88759939E+13
 2.23151080E+13 2.63601091E+13 3.11408524E+13 3.68094776E+13 4.35436300E+13
 5.15520258E+13 6.10782561E+13 7.24062077E+13 8.58663736E+13 1.01843061E+14
 1.20782655E+14 1.43203093E+14 1.69704738E+14 2.00982351E+14 2.37840071E+14
 2.81208233E+14 3.32161447E+14 3.91940266E+14 4.61975945E+14 5.43918790E+14
 6.39670628E+14 7.51422001E+14 8.81694676E+14 1.03338987E+15 1.20984553E+15
 1.41489947E+15 1.65296233E+15 1.92910136E+15 2.24913612E+15 2.61974805E+15
 3.04860563E+15 3.54450759E+15 4.11754624E+15 4.77929478E+15 5.54302197E+15
 6.42393553E+15 7.43946143E+15 8.60956282E+15 9.95710421E+15 1.15082675E+16
 1.32930270E+16 1.53456917E+16 1.77055240E+16 2.04174470E+16 2.35328510E+16
 2.71105138E+16 3.12176507E+16 3.59311136E+16 1.44509104E+11 1.57057438E+11
 1.70487843E+11 1.84799102E+11 1.99951668E+11 2.15820568E+11 2.32067824E+11
 2.48146753E+11 2.64228104E+11 2.79858821E+11 2.94871279E+11 3.09064425E+11
 3.22197861E+11 3.34003188E+11 3.44199335E+11 3.52515338E+11 3.58724856E+11
 3.62529435E+11 3.61393937E+11 3.55851666E+11 3.47117675E+11 3.36627360E+11
 3.26622388E+11 3.20692526E+11 3.24460050E+11 3.46516248E+11 3.66328209E+11
 3.99727109E+11 5.01810778E+11 6.78293918E+11 9.68108739E+11 1.32911628E+12
 1.35066016E+12 1.82886815E+12 2.43019402E+12 3.17216495E+12 4.07406723E+12
 5.15647506E+12 6.43937224E+12 7.94362216E+12 9.67623710E+12 1.16755745E+13
 1.39347161E+13 1.65196596E+13 1.95104484E+13 2.30013449E+13 2.71032189E+13
 3.19462829E+13 3.76829979E+13 4.44910670E+13 5.25797239E+13 6.21931253E+13
 7.36157291E+13 8.71786266E+13 1.03266763E+14 1.22327205E+14 1.44878626E+14
 1.71522184E+14 2.02952967E+14 2.39975954E+14 2.83522782E+14 3.34669195E+14
 3.94656909E+14 4.64918419E+14 5.47105360E+14 6.43120988E+14 7.55157385E+14
 8.85737958E+14 1.03776551E+15 1.21457994E+15 1.42002118E+15 1.65850211E+15
 1.93509239E+15 2.25561419E+15 2.62675169E+15 3.05617637E+15 3.55269016E+15
 4.12638884E+15 4.78884932E+15 5.55334417E+15 6.43508530E+15 7.45150315E+15
 8.62256564E+15 9.97114239E+15 1.15234207E+16 1.33093807E+16 1.53633375E+16
 1.77245589E+16 2.04379751E+16 2.35549839E+16 2.71343710E+16 3.12433602E+16
 3.59588118E+16 2.70936276E+11 2.95503786E+11 3.22196033E+11 3.51128608E+11
 3.82381339E+11 4.15941470E+11 4.51523975E+11 4.88625235E+11 5.27805696E+11
 5.68497188E+11 6.10578238E+11 6.53946701E+11 6.98470114E+11 7.43995027E+11
 7.90361668E+11 8.37426919E+11 8.85099692E+11 9.33292812E+11 9.78553031E+11
 1.02066037E+12 1.06104131E+12 1.10125099E+12 1.14356226E+12 1.19152308E+12
 1.25064906E+12 1.32936229E+12 1.37581892E+12 1.44029593E+12 1.59799085E+12
 1.82388164E+12 2.15838030E+12 2.55725530E+12 2.58073193E+12 3.10159549E+12
 3.75564571E+12 4.56104214E+12 5.53767194E+12 6.70672902E+12 8.08878367E+12
 9.69998547E+12 1.15486593E+13 1.36757988E+13 1.60758697E+13 1.88159789E+13
 2.19772451E+13 2.56550559E+13 2.99614929E+13 3.50280874E+13 4.10082543E+13
 4.80784360E+13 5.64504135E+13 6.63707401E+13 7.81260350E+13 9.20495687E+13
 1.08528573E+14 1.28012552E+14 1.51022798E+14 1.78163286E+14 2.10129828E+14
 2.47730035E+14 2.91900341E+14 3.43720599E+14 4.04436685E+14 4.75485483E+14
 5.58523322E+14 6.55458507E+14 7.68488555E+14 9.00142600E+14 1.05332837E+15
 1.23139274E+15 1.43818327E+15 1.67812087E+15 1.95628375E+15 2.27850324E+15
 2.65147341E+15 3.08287635E+15 3.58152540E+15 4.15752862E+15 4.82247557E+15
 5.58965282E+15 6.47428745E+15 7.49382620E+15 8.66825452E+15 1.00204609E+16
 1.15766528E+16 1.33668319E+16 1.54253362E+16 1.77914546E+16 2.05101437E+16
 2.36328311E+16 2.72183335E+16 3.13339075E+16 3.60564483E+16 5.11352028E+11
 5.56443711E+11 6.05644955E+11 6.59304674E+11 7.17779061E+11 7.81383141E+11
 8.50113561E+11 9.23948642E+11 1.00265950E+12 1.08637487E+12 1.17536229E+12
 1.26971742E+12 1.36951225E+12 1.47480085E+12 1.58563098E+12 1.70206447E+12
 1.82421013E+12 1.95251707E+12 2.08451843E+12 2.21837729E+12 2.35520510E+12
 2.49649308E+12 2.64450146E+12 2.80275289E+12 2.97670098E+12 3.17465917E+12
 3.27785654E+12 3.40910138E+12 3.69320253E+12 4.04103631E+12 4.49247783E+12
 4.99761662E+12 5.02673718E+12 5.66592719E+12 6.45564974E+12 7.41569572E+12
 8.56753131E+12 9.93398704E+12 1.15368938E+13 1.33746746E+13 1.54603950E+13
 1.78423087E+13 2.05183946E+13 2.35583093E+13 2.70454767E+13 3.10776003E+13
 3.57692040E+13 4.12544529E+13 4.76855769E+13 5.52290134E+13 6.41065726E+13
 7.45710275E+13 8.69134757E+13 1.01471300E+14 1.18635891E+14 1.38861118E+14
 1.62672929E+14 1.90680301E+14 2.23580433E+14 2.62182448E+14 3.07431885E+14
 3.60416262E+14 4.22388955E+14 4.94794624E+14 5.79297839E+14 6.77815718E+14
 7.92555246E+14 9.26054838E+14 1.08122712E+15 1.26143221E+15 1.47053167E+15
 1.71296060E+15 1.99381208E+15 2.31893334E+15 2.69503547E+15 3.12981886E+15
 3.63211661E+15 4.21205596E+15 4.88124588E+15 5.65299841E+15 6.54256774E+15
 7.56742961E+15 8.74760052E+15 1.01060024E+16 1.16688786E+16 1.34662697E+16
 1.55325559E+16 1.79070703E+16 2.06348137E+16 2.37672649E+16 2.73632959E+16
 3.14902231E+16 3.62250054E+16 9.96737627E+11 1.08079448E+12 1.17215051E+12
 1.27140483E+12 1.37918966E+12 1.49615868E+12 1.62293607E+12 1.76010165E+12
 1.90839630E+12 2.06828166E+12 2.24036901E+12 2.42526016E+12 2.62353048E+12
 2.83572545E+12 3.06236156E+12 3.30393436E+12 3.56093733E+12 3.83392140E+12
 4.12146962E+12 4.42293028E+12 4.73920144E+12 5.07165882E+12 5.42247587E+12
 5.79507499E+12 6.19476901E+12 6.62967210E+12 6.84644588E+12 7.11198959E+12
 7.65514641E+12 8.27037797E+12 8.99369416E+12 9.75902550E+12 9.80231169E+12
 1.07325971E+13 1.18446949E+13 1.31612880E+13 1.47068447E+13 1.65074321E+13
 1.85886402E+13 2.09367175E+13 2.35545461E+13 2.64984892E+13 2.97732497E+13
 3.34541998E+13 3.76300929E+13 4.24039699E+13 4.78959460E+13 5.42462015E+13
 6.15981508E+13 7.00733143E+13 7.99260434E+13 9.14268690E+13 1.04877490E+14
 1.20623971E+14 1.39065978E+14 1.60665840E+14 1.85958413E+14 2.15562203E+14
 2.50150989E+14 2.90538040E+14 3.37698577E+14 3.92736462E+14 4.56919069E+14
 5.31704961E+14 6.18773223E+14 7.20056413E+14 8.37778062E+14 9.74492675E+14
 1.13311445E+15 1.31702752E+15 1.53011976E+15 1.77685150E+15 2.06234189E+15
 2.39246570E+15 2.77396347E+15 3.21456725E+15 3.72314418E+15 4.30985197E+15
 4.98632949E+15 5.76593565E+15 6.66397262E+15 7.69796645E+15 8.88798726E+15
 1.02570144E+16 1.18313530E+16 1.36411101E+16 1.57207370E+16 1.81096334E+16
 2.08528825E+16 2.40020542E+16 2.76161183E+16 3.17624952E+16 3.65182565E+16
 1.98754253E+12 2.14698776E+12 2.31979762E+12 2.50698161E+12 2.70963020E+12
 2.92890669E+12 3.16604055E+12 3.42077474E+12 3.70086631E+12 4.00515014E+12
 4.33367589E+12 4.68794757E+12 5.06951615E+12 5.47994368E+12 5.92079043E+12
 6.39361002E+12 6.89995390E+12 7.44156919E+12 8.01922198E+12 8.63330640E+12
 9.28572460E+12 9.97882995E+12 1.07157121E+13 1.15006096E+13 1.23394828E+13
 1.32407279E+13 1.36827574E+13 1.42155358E+13 1.52789725E+13 1.64436102E+13
 1.77416791E+13 1.90742946E+13 1.91489399E+13 2.07187756E+13 2.25290992E+13
 2.46070179E+13 2.69815560E+13 2.96836588E+13 3.27454360E+13 3.61591877E+13
 3.99120242E+13 4.40658829E+13 4.86323899E+13 5.36946299E+13 5.93498625E+13
 6.57105515E+13 7.29073133E+13 8.10920881E+13 9.03911435E+13 1.00860664E+14
 1.12790820E+14 1.26477676E+14 1.42242741E+14 1.60449729E+14 1.81515476E+14
 2.05919896E+14 2.34216408E+14 2.67043444E+14 3.04973504E+14 3.48811460E+14
 3.99614938E+14 4.58528218E+14 5.26848853E+14 6.06063031E+14 6.97877514E+14
 8.04253717E+14 9.27445820E+14 1.07002721E+15 1.23483725E+15 1.42534957E+15
 1.64551642E+15 1.89984632E+15 2.19350493E+15 2.53241531E+15 2.92336928E+15
 3.37415380E+15 3.89369503E+15 4.49219004E+15 5.18131867E+15 5.97453198E+15
 6.88721795E+15 7.93699015E+15 9.14401104E+15 1.05313586E+16 1.21254440E+16
 1.39564883E+16 1.60590662E+16 1.84726900E+16 2.12425756E+16 2.44204526E+16
 2.80654593E+16 3.22451962E+16 3.70369280E+16 4.03378990E+12 4.34537991E+12
 4.68225333E+12 5.04616056E+12 5.43901134E+12 5.86286043E+12 6.31989710E+12
 6.81349964E+12 7.34838274E+12 7.92698862E+12 8.55080508E+12 9.22260674E+12
 9.94536118E+12 1.07221349E+13 1.15560534E+13 1.24502730E+13 1.34079591E+13
 1.44361693E+13 1.55518557E+13 1.67479265E+13 1.80277770E+13 1.93960038E+13
 2.08580637E+13 2.24205120E+13 2.40914408E+13 2.58809091E+13 2.67539309E+13
 2.78000670E+13 2.98701193E+13 3.21167794E+13 3.45704227E+13 3.70675038E+13
 3.72071735E+13 4.00997453E+13 4.33467054E+13 4.69822875E+13 5.10424547E+13
 5.55649534E+13 6.05888040E+13 6.61290623E+13 7.21782772E+13 7.87994712E+13
 8.60112062E+13 9.39064259E+13 1.02594213E+14 1.12200529E+14 1.22871150E+14
 1.34774954E+14 1.48100270E+14 1.62869564E+14 1.79329864E+14 1.97803968E+14
 2.18642465E+14 2.42239068E+14 2.69042182E+14 2.99565660E+14 3.34399963E+14
 3.74224377E+14 4.19320391E+14 4.70514014E+14 5.29005976E+14 5.96017099E+14
 6.72904259E+14 7.61207973E+14 8.62689149E+14 9.79365534E+14 1.11355123E+15
 1.26781885E+15 1.44466350E+15 1.64780989E+15 1.88137562E+15 2.14997347E+15
 2.45885993E+15 2.81404782E+15 3.22242214E+15 3.69186870E+15 4.23141948E+15
 4.85123829E+15 5.56300516E+15 6.38044219E+15 7.31910538E+15 8.39676429E+15
 9.63374215E+15 1.10532875E+16 1.26819940E+16 1.45502792E+16 1.66929253E+16
 1.91495716E+16 2.19656991E+16 2.51933300E+16 2.88918947E+16 3.31293030E+16
 3.79831502E+16 8.15029021E+12 8.76852140E+12 9.43530859E+12 1.01539674E+13
 1.09280588E+13 1.17613807E+13 1.26579600E+13 1.36234853E+13 1.46648420E+13
 1.57897271E+13 1.70027620E+13 1.83091517E+13 1.97145394E+13 2.12248949E+13
 2.28464355E+13 2.45855594E+13 2.64487893E+13 2.84455572E+13 3.06105329E+13
 3.29404802E+13 3.54379008E+13 3.81101159E+13 4.09661191E+13 4.40162069E+13
 4.72722849E+13 5.07485798E+13 5.24396846E+13 5.44627917E+13 5.84574176E+13
 6.27743307E+13 6.74485642E+13 7.21966205E+13 7.24623761E+13 7.79112454E+13
 8.39174893E+13 9.05261923E+13 9.77825228E+13 1.05731292E+14 1.14424109E+14
 1.24016757E+14 1.34472162E+14 1.45866505E+14 1.58235504E+14 1.71691500E+14
 1.86364820E+14 2.02404338E+14 2.19980327E+14 2.39287734E+14 2.60492760E+14
 2.83714689E+14 3.09251470E+14 3.37430522E+14 3.68625122E+14 4.03261973E+14
 4.41829597E+14 4.84887633E+14 5.33076776E+14 5.87127334E+14 6.47707609E+14
 7.15255201E+14 7.90961174E+14 8.76127206E+14 9.72203531E+14 1.08082937E+15
 1.20387026E+15 1.34345638E+15 1.50202412E+15 1.68205842E+15 1.88510794E+15
 2.11537993E+15 2.37735087E+15 2.67586469E+15 3.01636682E+15 3.40504778E+15
 3.84897235E+15 4.35621484E+15 4.93600867E+15 5.59790130E+15 6.35331201E+15
 7.21692306E+15 8.20466746E+15 9.33460995E+15 1.06273623E+16 1.21064735E+16
 1.37988574E+16 1.57352748E+16 1.79508239E+16 2.04848341E+16 2.33835960E+16
 2.66997541E+16 3.04932589E+16 3.48325512E+16 3.97957909E+16 1.57996551E+13
 1.70043329E+13 1.83023336E+13 1.97002393E+13 2.12050772E+13 2.28243239E+13
 2.45659082E+13 2.64398867E+13 2.84578773E+13 3.06342341E+13 3.29791621E+13
 3.55035472E+13 3.82190128E+13 4.11378382E+13 4.42728882E+13 4.76375464E+13
 5.12456459E+13 5.51135537E+13 5.92910600E+13 6.37948245E+13 6.86360150E+13
 7.38307978E+13 7.93979721E+13 8.53584045E+13 9.17351277E+13 9.85538959E+13
 1.01873132E+14 1.05844218E+14 1.13670348E+14 1.22129460E+14 1.31255877E+14
 1.40520493E+14 1.41039294E+14 1.51602614E+14 1.63100835E+14 1.75605312E+14
 1.89190156E+14 2.03932199E+14 2.19916711E+14 2.37415736E+14 2.56386376E+14
 2.76924094E+14 2.99104822E+14 3.23085042E+14 3.49042046E+14 3.77174289E+14
 4.07704172E+14 4.40881253E+14 4.77005284E+14 5.16365162E+14 5.59293515E+14
 6.06195408E+14 6.57527489E+14 7.13804804E+14 7.75607475E+14 8.43585371E+14
 9.18453495E+14 1.00094259E+15 1.09184423E+15 1.19198244E+15 1.30256360E+15
 1.42494926E+15 1.56067936E+15 1.71150439E+15 1.87941924E+15 2.06670051E+15
 2.27594849E+15 2.50995121E+15 2.77045917E+15 3.06130600E+15 3.38707359E+15
 3.75282731E+15 4.16427658E+15 4.62790335E+15 5.15109010E+15 5.74225809E+15
 6.41102110E+15 7.16613103E+15 8.01760616E+15 8.98130630E+15 1.00740448E+16
 1.13145666E+16 1.27240930E+16 1.43267718E+16 1.61501345E+16 1.82255958E+16
 2.05885976E+16 2.32742241E+16 2.63323894E+16 2.98175884E+16 3.37907987E+16
 3.83214117E+16 4.34885705E+16 2.93744002E+13 3.16445667E+13 3.40913258E+13
 3.67276548E+13 3.95674347E+13 4.26254867E+13 4.59176074E+13 4.94603688E+13
 5.32732155E+13 5.73832938E+13 6.18119013E+13 6.65811753E+13 7.17147228E+13
 7.72375947E+13 8.31762624E+13 8.95585892E+13 9.64137928E+13 1.03772148E+14
 1.11701265E+14 1.20249788E+14 1.29449043E+14 1.39336125E+14 1.49952184E+14
 1.61341871E+14 1.73553389E+14 1.86638996E+14 1.93017854E+14 2.00656007E+14
 2.15699940E+14 2.31934468E+14 2.49427573E+14 2.67205324E+14 2.68201915E+14
 2.88427465E+14 3.10311308E+14 3.33973708E+14 3.59540977E+14 3.87145628E+14
 4.16925138E+14 4.49209530E+14 4.84114112E+14 5.21785520E+14 5.62365455E+14
 6.06084597E+14 6.53200461E+14 7.03996541E+14 7.58784354E+14 8.17906067E+14
 8.82254292E+14 9.52566263E+14 1.02888028E+15 1.11172292E+15 1.20170605E+15
 1.29951799E+15 1.40592544E+15 1.52177624E+15 1.64799289E+15 1.78551830E+15
 1.93517584E+15 2.09858707E+15 2.27714403E+15 2.47241897E+15 2.68619226E+15
 2.92047317E+15 3.17752737E+15 3.45990985E+15 3.77050331E+15 4.11302410E+15
 4.49068422E+15 4.90660549E+15 5.36565905E+15 5.87329018E+15 6.43562994E+15
 7.05960933E+15 7.75308235E+15 8.52496212E+15 9.38537317E+15 1.03419919E+16
 1.14050056E+16 1.25911244E+16 1.39178868E+16 1.54047989E+16 1.70738925E+16
 1.89501915E+16 2.10621837E+16 2.34423339E+16 2.61272463E+16 2.91481708E+16
 3.25556395E+16 3.64069357E+16 4.07650991E+16 4.57014036E+16 5.12968694E+16
 5.27773748E+13 5.69119525E+13 6.13707896E+13 6.61785774E+13 7.13618143E+13
 7.69489144E+13 8.29703171E+13 8.94573058E+13 9.64446946E+13 1.03978645E+14
 1.12100655E+14 1.20854174E+14 1.30285667E+14 1.40444720E+14 1.51384148E+14
 1.63160105E+14 1.75832173E+14 1.89460069E+14 2.04136115E+14 2.19957284E+14
 2.36997302E+14 2.55337117E+14 2.75064228E+14 2.96272613E+14 3.19063069E+14
 3.43543948E+14 3.55499189E+14 3.69832351E+14 3.98061295E+14 4.28479376E+14
 4.61252644E+14 4.94613148E+14 4.96485470E+14 5.34438801E+14 5.75416863E+14
 6.19638671E+14 6.67335620E+14 7.18751986E+14 7.74140304E+14 8.33928278E+14
 8.98529983E+14 9.68235483E+14 1.04333658E+15 1.12423118E+15 1.21135921E+15
 1.30520074E+15 1.40627765E+15 1.51515628E+15 1.63255781E+15 1.75968457E+15
 1.89713740E+15 2.04564774E+15 2.20608565E+15 2.37942640E+15 2.56674614E+15
 2.76922653E+15 2.98816309E+15 3.22497620E+15 3.48283160E+15 3.76307587E+15
 4.06743293E+15 4.39798020E+15 4.75705478E+15 5.14725698E+15 5.57146727E+15
 6.03287062E+15 6.53498657E+15 7.08287244E+15 7.68293187E+15 8.33829004E+15
 9.05449361E+15 9.83782855E+15 1.06953400E+16 1.16349141E+16 1.26653814E+16
 1.37966366E+16 1.50397753E+16 1.64075111E+16 1.79117590E+16 1.95684419E+16
 2.13959143E+16 2.34149201E+16 2.56489274E+16 2.81245022E+16 3.08717254E+16
 3.39246572E+16 3.73215742E+16 4.10940587E+16 4.52898283E+16 4.99687881E+16
 5.51970020E+16 6.10486834E+16 6.76078250E+16 9.20481198E+13 9.93255230E+13
 1.07178073E+14 1.15650548E+14 1.24791142E+14 1.34651704E+14 1.45287988E+14
 1.56759809E+14 1.69132236E+14 1.82480402E+14 1.96879842E+14 2.12411172E+14
 2.29160957E+14 2.47222062E+14 2.66694016E+14 2.87683387E+14 3.10304181E+14
 3.34676628E+14 3.60952430E+14 3.89288831E+14 4.19834499E+14 4.52750162E+14
 4.88208760E+14 5.26396015E+14 5.67511356E+14 6.11769233E+14 6.33417352E+14
 6.59400913E+14 7.10661834E+14 7.65907871E+14 8.25450517E+14 8.86141830E+14
 8.89551195E+14 9.58640935E+14 1.03320577E+15 1.11365628E+15 1.20042921E+15
 1.29398911E+15 1.39482411E+15 1.50356361E+15 1.62090249E+15 1.74745024E+15
 1.88382336E+15 2.03076098E+15 2.18906572E+15 2.35960475E+15 2.54331362E+15
 2.74120067E+15 2.95439274E+15 3.18455025E+15 3.43301894E+15 3.70116436E+15
 3.99049367E+15 4.30265383E+15 4.63943611E+15 5.00278423E+15 5.39480498E+15
 5.81778071E+15 6.27494944E+15 6.76980481E+15 7.30508840E+15 7.88396138E+15
 8.50995136E+15 9.18694605E+15 9.91920948E+15 1.07114101E+16 1.15686572E+16
 1.24973428E+16 1.35073889E+16 1.46036147E+16 1.57929747E+16 1.70837077E+16
 1.84850379E+16 2.00071992E+16 2.16615296E+16 2.34605975E+16 2.54183509E+16
 2.75560477E+16 2.98898977E+16 3.24384084E+16 3.52236436E+16 3.82701418E+16
 4.16051324E+16 4.52587499E+16 4.92642273E+16 5.36580445E+16 5.84799862E+16
 6.37780604E+16 6.96074642E+16 7.60288468E+16 8.31109479E+16 9.09316084E+16
 9.95790280E+16 1.57628291E+14 1.70139999E+14 1.83644626E+14 1.98220296E+14
 2.13951212E+14 2.30928116E+14 2.49248759E+14 2.69018676E+14 2.90352353E+14
 3.13377278E+14 3.38225970E+14 3.65040720E+14 3.93974705E+14 4.25192733E+14
 4.58872030E+14 4.95203077E+14 5.34390490E+14 5.76653003E+14 6.22248508E+14
 6.71445638E+14 7.24516027E+14 7.81753220E+14 8.43473544E+14 9.10017496E+14
 9.81751560E+14 1.05907049E+15 1.09692816E+15 1.14240014E+15 1.23220771E+15
 1.32906866E+15 1.43353694E+15 1.54014473E+15 1.54613769E+15 1.66758894E+15
 1.79868652E+15 1.94017331E+15 2.09284447E+15 2.25755116E+15 2.43519867E+15
 2.62685040E+15 2.83367531E+15 3.05680889E+15 3.29743245E+15 3.55689282E+15
 3.83664703E+15 4.13826720E+15 4.46344826E+15 4.81401659E+15 5.19194762E+15
 5.59978430E+15 6.03992733E+15 6.51485679E+15 7.02726964E+15 7.58008792E+15
 8.17647151E+15 8.81983392E+15 9.51386035E+15 1.02625278E+16 1.10705578E+16
 1.19435604E+16 1.28865130E+16 1.39048827E+16 1.50046371E+16 1.61922641E+16
 1.74748042E+16 1.88598914E+16 2.03558014E+16 2.19717363E+16 2.37204294E+16
 2.56124646E+16 2.76591609E+16 2.98731727E+16 3.22683967E+16 3.48600343E+16
 3.76646973E+16 4.07005396E+16 4.39874099E+16 4.75533720E+16 5.14252699E+16
 5.56276287E+16 6.01892602E+16 6.51422837E+16 7.05222092E+16 7.63681599E+16
 8.27231578E+16 8.96344382E+16 9.71552485E+16 1.05361414E+17 1.14311648E+17
 1.24075380E+17 1.34733314E+17 1.46376276E+17 1.59106024E+17 2.68594931E+14
 2.89963659E+14 3.13032476E+14 3.37936017E+14 3.64819529E+14 3.93839679E+14
 4.25165433E+14 4.58978744E+14 4.95476282E+14 5.34875550E+14 5.77405976E+14
 6.23314359E+14 6.72866750E+14 7.26349876E+14 7.84072644E+14 8.46367770E+14
 9.13593502E+14 9.86133611E+14 1.06442165E+15 1.14892108E+15 1.24011210E+15
 1.33851354E+15 1.44468508E+15 1.55923001E+15 1.68279862E+15 1.81609218E+15
 1.88139588E+15 1.95986757E+15 2.11494241E+15 2.28227347E+15 2.46283233E+15
 2.64722316E+15 2.65759317E+15 2.86776040E+15 3.09465520E+15 3.33958656E+15
 3.60396085E+15 3.88928922E+15 4.19718762E+15 4.52945169E+15 4.88808649E+15
 5.27512378E+15 5.69271101E+15 6.14323711E+15 6.62928352E+15 7.15363571E+15
 7.71929812E+15 8.32951035E+15 8.98771807E+15 9.69803065E+15 1.04646620E+16
 1.12920115E+16 1.21848392E+16 1.31482885E+16 1.41879126E+16 1.53097041E+16
 1.65201281E+16 1.78261573E+16 1.92352894E+16 2.07567699E+16 2.23994256E+16
 2.41727879E+16 2.60871745E+16 2.81537432E+16 3.03845534E+16 3.27926339E+16
 3.53920593E+16 3.81977337E+16 4.12280961E+16 4.45024242E+16 4.80400007E+16
 5.18618277E+16 5.59907206E+16 6.04514355E+16 6.52708192E+16 7.04779818E+16
 7.61044890E+16 8.21825208E+16 8.87586323E+16 9.58734209E+16 1.03570445E+17
 1.11897687E+17 1.20907677E+17 1.30657809E+17 1.41210754E+17 1.52634958E+17
 1.65014770E+17 1.78486348E+17 1.93107669E+17 2.08974789E+17 2.26197632E+17
 2.44898243E+17 2.65211445E+17 4.56154451E+14 4.92490746E+14 5.31721651E+14
 5.74077215E+14 6.19805721E+14 6.69175111E+14 7.22474522E+14 7.80015666E+14
 8.42135249E+14 9.09201227E+14 9.81606315E+14 1.05977373E+15 1.14416005E+15
 1.23525772E+15 1.33359784E+15 1.43975308E+15 1.55434084E+15 1.67802517E+15
 1.81154067E+15 1.95567471E+15 2.11125978E+15 2.27919516E+15 2.46045135E+15
 2.65607529E+15 2.86719638E+15 3.09503328E+15 3.20669365E+15 3.34090168E+15
 3.60622475E+15 3.89260235E+15 4.20170658E+15 4.51750605E+15 4.53527087E+15
 4.89532053E+15 5.28406332E+15 5.70376494E+15 6.15686497E+15 6.64599044E+15
 7.17396417E+15 7.74388406E+15 8.35913024E+15 9.02325020E+15 9.74002808E+15
 1.05136200E+16 1.13485155E+16 1.22495605E+16 1.32219846E+16 1.42714300E+16
 1.54039547E+16 1.66264023E+16 1.79459728E+16 1.93703268E+16 2.09077432E+16
 2.25671629E+16 2.43582376E+16 2.62913839E+16 2.83778418E+16 3.06297384E+16
 3.30601338E+16 3.56839994E+16 3.85166468E+16 4.15745955E+16 4.48756913E+16
 4.84392060E+16 5.22859459E+16 5.64383714E+16 6.09207255E+16 6.57588748E+16
 7.09824087E+16 7.66232149E+16 8.27144324E+16 8.92919058E+16 9.63943894E+16
 1.04063774E+17 1.12345336E+17 1.21288007E+17 1.30944671E+17 1.41371816E+17
 1.52638248E+17 1.64812159E+17 1.77966523E+17 1.92180498E+17 2.07539915E+17
 2.24137820E+17 2.42075089E+17 2.61461098E+17 2.82411422E+17 3.05059942E+17
 3.29566111E+17 3.56081019E+17 3.84770384E+17 4.15815336E+17 4.49413590E+17
 7.73102678E+14 8.34726528E+14 9.01262340E+14 9.73101104E+14 1.05066489E+15
 1.13440928E+15 1.22482604E+15 1.32244658E+15 1.42784480E+15 1.54164247E+15
 1.66450759E+15 1.79716088E+15 1.94038018E+15 2.09500486E+15 2.26194059E+15
 2.44216455E+15 2.63673092E+15 2.84677703E+15 3.07354905E+15 3.31837881E+15
 3.58269283E+15 3.86803172E+15 4.17605844E+15 4.50856760E+15 4.86749595E+15
 5.25493389E+15 5.44484702E+15 5.67313846E+15 6.12455904E+15 6.61188328E+15
 7.13796331E+15 7.67556634E+15 7.70581264E+15 8.31883919E+15 8.98074351E+15
 9.69540277E+15 1.04669966E+16 1.13000308E+16 1.21993610E+16 1.31703015E+16
 1.42185559E+16 1.53502258E+16 1.65718533E+16 1.78905724E+16 1.93140880E+16
 2.08507180E+16 2.25094408E+16 2.42999471E+16 2.62327150E+16 2.83192742E+16
 3.05718645E+16 3.30036490E+16 3.56288462E+16 3.84628097E+16 4.15221146E+16
 4.48246525E+16 4.83897344E+16 5.22382013E+16 5.63927458E+16 6.08781728E+16
 6.57207366E+16 7.09487874E+16 7.65929401E+16 8.26862487E+16 8.92643959E+16
 9.63658992E+16 1.04032333E+17 1.12308552E+17 1.21244272E+17 1.30892546E+17
 1.41310030E+17 1.52557925E+17 1.64702332E+17 1.77814637E+17 1.91971924E+17
 2.07257434E+17 2.23761049E+17 2.41580617E+17 2.60825631E+17 2.81610334E+17
 3.04057843E+17 3.28301270E+17 3.54484517E+17 3.82763150E+17 4.13305349E+17
 4.46292932E+17 4.81922190E+17 5.20416387E+17 5.62015348E+17 6.06969909E+17
 6.55552016E+17 7.08056447E+17 7.64802714E+17 1.30882260E+15 1.41318201E+15
 1.52586255E+15 1.64752713E+15 1.77889140E+15 1.92072797E+15 2.07387090E+15
 2.23922082E+15 2.41775099E+15 2.61051500E+15 2.81864617E+15 3.04336765E+15
 3.28599976E+15 3.54796767E+15 3.83080960E+15 4.13618568E+15 4.46588758E+15
 4.82184833E+15 5.20617373E+15 5.62112608E+15 6.06913418E+15 6.55282102E+15
 7.07501830E+15 7.63878263E+15 8.24741338E+15 8.90447232E+15 9.22657905E+15
 9.61380513E+15 1.03795742E+16 1.12063236E+16 1.20989063E+16 1.30111659E+16
 1.30624950E+16 1.41028293E+16 1.52261278E+16 1.64389863E+16 1.77485197E+16
 1.91624037E+16 2.06889149E+16 2.23370572E+16 2.41165361E+16 2.60377603E+16
 2.81119231E+16 3.03511810E+16 3.27686620E+16 3.53785396E+16 3.81961148E+16
 4.12379045E+16 4.45217476E+16 4.80671419E+16 5.18949305E+16 5.60275525E+16
 6.04892431E+16 6.53061713E+16 7.05065899E+16 7.61209988E+16 8.21823220E+16
 8.87260980E+16 9.57908436E+16 1.03418556E+17 1.11653987E+17 1.20545454E+17
 1.30145133E+17 1.40509353E+17 1.51698926E+17 1.63779498E+17 1.76821932E+17
 1.90902637E+17 2.06105424E+17 2.22520305E+17 2.40243711E+17 2.59379781E+17
 2.80040963E+17 3.02348667E+17 3.26433976E+17 3.52438408E+17 3.80514742E+17
 4.10828280E+17 4.43562133E+17 4.78909748E+17 5.17079575E+17 5.58296799E+17
 6.02804666E+17 6.50865916E+17 7.02764347E+17 7.58806490E+17 8.19322667E+17
 8.84679742E+17 9.55276065E+17 1.03153144E+18 1.11389993E+18 1.20287260E+18
 1.29898047E+18 2.21497523E+15 2.39162400E+15 2.58236092E+15 2.78830891E+15
 3.01068040E+15 3.25078435E+15 3.51003401E+15 3.78995489E+15 4.09219565E+15
 4.41853990E+15 4.77090831E+15 5.15137410E+15 5.56217553E+15 6.00572896E+15
 6.48464291E+15 7.00173320E+15 7.56003939E+15 8.16284131E+15 8.81369803E+15
 9.51644483E+15 1.02752069E+16 1.10944388E+16 1.19789501E+16 1.29339331E+16
 1.39649932E+16 1.50781821E+16 1.56239281E+16 1.62800341E+16 1.75776106E+16
 1.89785921E+16 2.04912176E+16 2.20373172E+16 2.21243142E+16 2.38875677E+16
 2.57914582E+16 2.78471824E+16 3.00668237E+16 3.24634221E+16 3.50510458E+16
 3.78449408E+16 4.08615755E+16 4.41186506E+16 4.76352330E+16 5.14319809E+16
 5.55312026E+16 5.99569839E+16 6.47353289E+16 6.98943119E+16 7.54642367E+16
 8.14780710E+16 8.79712154E+16 9.49818163E+16 1.02551070E+17 1.10723458E+17
 1.19547010E+17 1.29073576E+17 1.39359136E+17 1.50464122E+17 1.62453852E+17
 1.75399381E+17 1.89376798E+17 2.04468251E+17 2.20762443E+17 2.38355140E+17
 2.57349739E+17 2.77857864E+17 3.00000017E+17 3.23906146E+17 3.49717807E+17
 3.77587563E+17 4.07679289E+17 4.40169940E+17 4.75250575E+17 5.13127478E+17
 5.54023358E+17 5.98178651E+17 6.45852928E+17 6.97326225E+17 7.52906173E+17
 8.12920662E+17 8.77723137E+17 9.47695286E+17 1.02324928E+18 1.10483020E+18
 1.19291862E+18 1.28803348E+18 1.39073389E+18 1.50163195E+18 1.62139426E+18
 1.75072880E+18 1.89040050E+18 2.04123580E+18 2.20412751E+18 3.74764899E+15
 4.04657316E+15 4.36934080E+15 4.71785318E+15 5.09416319E+15 5.50048736E+15
 5.93921890E+15 6.41293951E+15 6.92443924E+15 7.47673724E+15 8.07308655E+15
 8.71699871E+15 9.41226512E+15 1.01629792E+16 1.09735605E+16 1.18487802E+16
 1.27937895E+16 1.38141454E+16 1.49158603E+16 1.61054350E+16 1.73898649E+16
 1.87767041E+16 2.02741086E+16 2.18908843E+16 2.36365386E+16 2.55213369E+16
 2.64454032E+16 2.75563631E+16 2.97535728E+16 3.21259527E+16 3.46874767E+16
 3.73058210E+16 3.74531561E+16 4.04393550E+16 4.36637639E+16 4.71453659E+16
 5.09046521E+16 5.49637413E+16 5.93465000E+16 6.40787025E+16 6.91882873E+16
 7.47052956E+16 8.06621198E+16 8.70938069E+16 9.40382021E+16 1.01536169E+17
 1.09631827E+17 1.18372814E+17 1.27810490E+17 1.38000597E+17 1.49003215E+17
 1.60883080E+17 1.73710101E+17 1.87559765E+17 2.02513578E+17 2.18659543E+17
 2.36092678E+17 2.54915569E+17 2.75238691E+17 2.97182450E+17 3.20876015E+17
 3.46458828E+17 3.74081458E+17 4.03906478E+17 4.36109420E+17 4.70879801E+17
 5.08422240E+17 5.48957181E+17 5.92723756E+17 6.39980881E+17 6.91006734E+17
 7.46101693E+17 8.05590091E+17 8.69822118E+17 9.39175877E+17 1.01405960E+18
 1.09491405E+18 1.18221233E+18 1.27647410E+18 1.37825578E+18 1.48815695E+18
 1.60682502E+18 1.73495906E+18 1.87331393E+18 2.02270470E+18 2.18401141E+18
 2.35818112E+18 2.54623891E+18 2.74931179E+18 2.96859785E+18 3.20539110E+18
 3.46108907E+18 3.73720108E+18 6.33884370E+15 6.84447691E+15 7.39044301E+15
 7.97995868E+15 8.61649708E+15 9.30380832E+15 1.00459415E+16 1.08472696E+16
 1.17125149E+16 1.26467772E+16 1.36555601E+16 1.47448058E+16 1.59209301E+16
 1.71908602E+16 1.85620752E+16 2.00426504E+16 2.16413040E+16 2.33674497E+16
 2.52312697E+16 2.72437417E+16 2.94167113E+16 3.17629687E+16 3.42963239E+16
 3.70316876E+16 3.99851587E+16 4.31741198E+16 4.47376095E+16 4.66173396E+16
 5.03351018E+16 5.43493412E+16 5.86836941E+16 6.31143038E+16 6.33636195E+16
 6.84167619E+16 7.38729922E+16 7.97644448E+16 8.61258106E+16 9.29945412E+16
 1.00411067E+17 1.08419129E+17 1.17065884E+17 1.26402216E+17 1.36483024E+17
 1.47367654E+17 1.59120189E+17 1.71809824E+17 1.85511269E+17 2.00305188E+17
 2.16278716E+17 2.33526101E+17 2.52148910E+17 2.72256786E+17 2.93968118E+17
 3.17410741E+17 3.42722680E+17 3.70052962E+17 3.99562494E+17 4.31425004E+17
 4.65828365E+17 5.02975486E+17 5.43085061E+17 5.86393238E+17 6.33155001E+17
 6.83645663E+17 7.38162479E+17 7.97026398E+17 8.60583940E+17 9.29209335E+17
 1.00330773E+18 1.08331573E+18 1.16970442E+18 1.26298243E+18 1.36369896E+18
 1.47244698E+18 1.58986670E+18 1.71664935E+18 1.85354122E+18 2.00134953E+18
 2.16094776E+18 2.33327591E+18 2.51934884E+18 2.72026234E+18 2.93719955E+18
 3.17143794E+18 3.42435675E+18 3.69744513E+18 3.99231118E+18 4.31070160E+18
 4.65449744E+18 5.02572476E+18 5.42657137E+18 5.85939971E+18 6.32676067E+18
 5.03040626E+11 4.96190525E+11 4.88802195E+11 4.80835158E+11 4.72246424E+11
 4.62990492E+11 4.53019412E+11 4.42282931E+11 4.30728740E+11 4.18302865E+11
 4.04950249E+11 3.90615578E+11 3.75244434E+11 3.58784872E+11 3.41189545E+11
 3.22418540E+11 3.02443145E+11 2.81250804E+11 2.58851608E+11 2.35286783E+11
 2.10639719E+11 1.85050298E+11 1.58733438E+11 1.32003076E+11 1.05303122E+11
 7.92473596E+10 6.76090972E+10 5.46708416E+10 3.26960198E+10 1.48177756E+10
 3.00896504E+09-8.52446322E+08-8.42616090E+08 4.05961965E+09 1.83830255E+10
 4.27963061E+10 7.79696809E+10 1.24542760E+11 1.83002242E+11 2.54208120E+11
 3.37566689E+11 4.35503258E+11 5.46151988E+11 6.70289841E+11 8.08413355E+11
 9.61358465E+11 1.13027683E+12 1.31661633E+12 1.52210514E+12 1.74873894E+12
 1.99877099E+12 2.27470449E+12 2.57928732E+12 2.91550866E+12 3.28659751E+12
 3.69602292E+12 4.14749574E+12 4.64497199E+12 5.19265761E+12 5.79501468E+12
 6.45676890E+12 7.18291859E+12 7.97874485E+12 8.84982319E+12 9.80203639E+12
 1.08415887E+13 1.19750217E+13 1.32092307E+13 1.45514837E+13 1.60094408E+13
 1.75911756E+13 1.93051978E+13 2.11604775E+13 2.31664710E+13 2.53331484E+13
 2.76710225E+13 3.01911797E+13 3.29053131E+13 3.58257566E+13 3.89655214E+13
 4.23383352E+13 4.59586820E+13 4.98418459E+13 5.40039556E+13 5.84620327E+13
 6.32340414E+13 6.83389417E+13 7.37967453E+13 7.96285736E+13 8.58567202E+13
 9.25047150E+13 9.95973937E+13 1.07160969E+14 5.07723899E+11 5.00772265E+11
 4.93276484E+11 4.85195983E+11 4.76487714E+11 4.67106176E+11 4.57003507E+11
 4.46129602E+11 4.34435753E+11 4.21867328E+11 4.08368513E+11 3.93884453E+11
 3.78361326E+11 3.61747871E+11 3.43997502E+11 3.25071135E+11 3.04940940E+11
 2.83595280E+11 2.61045190E+11 2.37332843E+11 2.12542554E+11 1.86815077E+11
 1.60366131E+11 1.33510357E+11 1.06692256E+11 8.05260787E+10 6.88393489E+10
 5.58472131E+10 3.37782453E+10 1.58140446E+10 3.92754598E+09 3.21947526E+01
 6.45530393E+06 4.84685699E+09 1.91146316E+10 4.34771451E+10 7.86036027E+10
 1.25132858E+11 1.83551057E+11 2.54717771E+11 3.38039017E+11 4.35939939E+11
 5.46554612E+11 6.70659961E+11 8.08752523E+11 9.61668255E+11 1.13055885E+12
 1.31687223E+12 1.52233659E+12 1.74894770E+12 1.99895872E+12 2.27487281E+12
 2.57943781E+12 2.91564286E+12 3.28671690E+12 3.69612888E+12 4.14758960E+12
 4.64505498E+12 5.19273086E+12 5.79507923E+12 6.45682572E+12 7.18296855E+12
 7.97878874E+12 8.84986172E+12 9.80207019E+12 1.08416184E+13 1.19750477E+13
 1.32092535E+13 1.45515036E+13 1.60094582E+13 1.75911908E+13 1.93052111E+13
 2.11604891E+13 2.31664811E+13 2.53331572E+13 2.76710301E+13 3.01911864E+13
 3.29053190E+13 3.58257617E+13 3.89655260E+13 4.23383392E+13 4.59586856E+13
 4.98418490E+13 5.40039584E+13 5.84620352E+13 6.32340436E+13 6.83389437E+13
 7.37967471E+13 7.96285753E+13 8.58567216E+13 9.25047163E+13 9.95973948E+13
 1.07160970E+14 6.33768736E+11 6.27061901E+11 6.19676575E+11 6.11557858E+11
 6.02649094E+11 5.92893042E+11 5.82233466E+11 5.70594580E+11 5.58380244E+11
 5.45553857E+11 5.31840187E+11 5.17143753E+11 5.01397178E+11 4.84542506E+11
 4.66528645E+11 4.47312712E+11 4.26863195E+11 4.05164181E+11 3.82217079E+11
 3.58069620E+11 3.32814088E+11 3.06597000E+11 2.79638521E+11 2.52257002E+11
 2.24900290E+11 1.98185888E+11 1.86242659E+11 1.72952516E+11 1.50308235E+11
 1.31724760E+11 1.19206999E+11 1.14683124E+11 1.14657511E+11 1.18879910E+11
 1.32541033E+11 1.56306829E+11 1.90844315E+11 2.36789782E+11 2.94626568E+11
 3.65201193E+11 4.47913829E+11 5.45191846E+11 6.55170727E+11 7.78628187E+11
 9.16061081E+11 1.06830534E+12 1.23651238E+12 1.42212969E+12 1.62688926E+12
 1.85279245E+12 2.10207474E+12 2.37723236E+12 2.68100947E+12 3.01639250E+12
 3.38660801E+12 3.79512279E+12 4.24564551E+12 4.74213004E+12 5.28878079E+12
 5.89005855E+12 6.55068723E+12 7.27566331E+12 8.07026616E+12 8.94006957E+12
 9.89095470E+12 1.09291243E+13 1.20611184E+13 1.32938299E+13 1.46345162E+13
 1.60908423E+13 1.76708859E+13 1.93831592E+13 2.12366335E+13 2.32407662E+13
 2.54055286E+13 2.77414348E+13 3.02595729E+13 3.29716398E+13 3.58899722E+13
 3.90275803E+13 4.23981933E+13 4.60162984E+13 4.98971833E+13 5.40569816E+13
 5.85127199E+13 6.32823683E+13 6.83848932E+13 7.38403108E+13 7.96697540E+13
 8.58955247E+13 9.25411620E+13 9.96315100E+13 1.07192790E+14 7.82707711E+11
 7.76135366E+11 7.68900958E+11 7.60994968E+11 7.52397022E+11 7.43079008E+11
 7.33007074E+11 7.22115089E+11 7.10173653E+11 6.97025496E+11 6.82773422E+11
 6.67440084E+11 6.51012831E+11 6.33464482E+11 6.14763657E+11 5.94881525E+11
 5.73797597E+11 5.51495690E+11 5.27820362E+11 5.02853025E+11 4.76746489E+11
 4.49674926E+11 4.21872390E+11 3.93664615E+11 3.65503462E+11 3.38008566E+11
 3.25711933E+11 3.12019667E+11 2.88622758E+11 2.69245284E+11 2.55922163E+11
 2.50637822E+11 2.50571249E+11 2.54004014E+11 2.66895375E+11 2.89917112E+11
 3.23739942E+11 3.69002445E+11 4.26188213E+11 4.96083345E+11 5.78135782E+11
 6.74792802E+11 7.84189605E+11 9.07100914E+11 1.04402012E+12 1.19577970E+12
 1.36352772E+12 1.54870845E+12 1.75304695E+12 1.97853735E+12 2.22742748E+12
 2.50221481E+12 2.80564166E+12 3.14069178E+12 3.51058888E+12 3.91879673E+12
 4.36902102E+12 4.86521257E+12 5.41157354E+12 6.01256355E+12 6.67290471E+12
 7.39759174E+12 8.19190219E+12 9.06140804E+12 1.00119886E+13 1.10498446E+13
 1.21815141E+13 1.34138865E+13 1.47542087E+13 1.62101498E+13 1.77897876E+13
 1.95016314E+13 2.13546494E+13 2.33582955E+13 2.55225370E+13 2.78578839E+13
 3.03754201E+13 3.30868403E+13 3.60044741E+13 3.91413249E+13 4.25111169E+13
 4.61283321E+13 5.00082527E+13 5.41670062E+13 5.86216132E+13 6.33900375E+13
 6.84912393E+13 7.39452310E+13 7.97731355E+13 8.59972486E+13 9.26411033E+13
 9.97295390E+13 1.07288773E+14 9.48162868E+11 9.41808410E+11 9.34768642E+11
 9.27031556E+11 9.18578274E+11 9.09384436E+11 8.99421307E+11 8.88610395E+11
 8.76704948E+11 8.63480950E+11 8.49019670E+11 8.33362443E+11 8.16522316E+11
 7.98496360E+11 7.79274179E+11 7.58844704E+11 7.37202499E+11 7.14313615E+11
 6.89598180E+11 6.63351406E+11 6.35899302E+11 6.07475630E+11 5.78339441E+11
 5.48828305E+11 5.19400074E+11 4.90677439E+11 4.77825403E+11 4.63501558E+11
 4.38913817E+11 4.18259320E+11 4.03635233E+11 3.97120769E+11 3.96987917E+11
 3.99142678E+11 4.10787988E+11 4.32605419E+11 4.65272016E+11 5.09430401E+11
 5.65564319E+11 6.34368576E+11 7.15373591E+11 8.11039917E+11 9.19501519E+11
 1.04153117E+12 1.17762007E+12 1.32859832E+12 1.49561148E+12 1.68010117E+12
 1.88378871E+12 2.10866049E+12 2.35696291E+12 2.63119282E+12 2.93409182E+12
 3.26864290E+12 3.63806898E+12 4.04583309E+12 4.49564019E+12 4.99144054E+12
 5.53743053E+12 6.13806315E+12 6.79806057E+12 7.52241719E+12 8.31641000E+12
 9.18561016E+12 1.01358960E+13 1.11734671E+13 1.23048604E+13 1.35369614E+13
 1.48770076E+13 1.63326783E+13 1.79120492E+13 1.96236268E+13 2.14763767E+13
 2.34797504E+13 2.56437129E+13 2.79787719E+13 3.04960090E+13 3.32071133E+13
 3.61244144E+13 3.92609163E+13 4.26303402E+13 4.62471647E+13 5.01266686E+13
 5.42849756E+13 5.87391027E+13 6.35070095E+13 6.86076520E+13 7.40610377E+13
 7.98882851E+13 8.61116852E+13 9.27547661E+13 9.98423614E+13 1.07400683E+14
 1.12891546E+12 1.12243359E+12 1.11529318E+12 1.10746812E+12 1.09892990E+12
 1.08964807E+12 1.07959057E+12 1.06866945E+12 1.05663798E+12 1.04323903E+12
 1.02852698E+12 1.01253868E+12 9.95293327E+11 9.76799046E+11 9.57058524E+11
 9.36074373E+11 9.13854734E+11 8.90360873E+11 8.64692256E+11 8.37193563E+11
 8.08337614E+11 7.78437753E+11 7.47798131E+11 7.16783420E+11 6.85868578E+11
 6.55687476E+11 6.42171012E+11 6.27088718E+11 6.00936952E+11 5.78406739E+11
 5.61880045E+11 5.53590610E+11 5.53362721E+11 5.53694669E+11 5.63576715E+11
 5.83699021E+11 6.14743911E+11 6.57357207E+11 7.12026599E+11 7.79491491E+11
 8.59172705E+11 9.53551104E+11 1.06077789E+12 1.18163361E+12 1.31661255E+12
 1.46654542E+12 1.63257702E+12 1.81614738E+12 2.01896807E+12 2.24299155E+12
 2.49047574E+12 2.76392643E+12 3.06608896E+12 3.39994735E+12 3.76872412E+12
 4.17588109E+12 4.62512155E+12 5.12039378E+12 5.66588443E+12 6.26603850E+12
 6.92558037E+12 7.64950502E+12 8.44308898E+12 9.31190242E+12 1.02618223E+13
 1.12990469E+13 1.24301113E+13 1.36618883E+13 1.50016168E+13 1.64569916E+13
 1.80360801E+13 1.97473849E+13 2.15998695E+13 2.36029831E+13 2.57666891E+13
 2.81014934E+13 3.06184756E+13 3.33293220E+13 3.62463596E+13 3.93825930E+13
 4.27517428E+13 4.63682863E+13 5.02475005E+13 5.44055074E+13 5.88593214E+13
 6.36268996E+13 6.87271942E+13 7.41802107E+13 8.00070650E+13 8.62300444E+13
 9.28726732E+13 9.99597814E+13 1.07517576E+14 1.32363374E+12 1.31676607E+12
 1.30935096E+12 1.30133104E+12 1.29262345E+12 1.28308660E+12 1.27240675E+12
 1.26001189E+12 1.24664839E+12 1.23224803E+12 1.21682719E+12 1.20039741E+12
 1.18294808E+12 1.16444578E+12 1.14482914E+12 1.12399741E+12 1.10178897E+12
 1.07785633E+12 1.05108727E+12 1.02217350E+12 9.91746652E+11 9.60200834E+11
 9.27885896E+11 8.95194553E+11 8.62620059E+11 8.30808775E+11 8.16549099E+11
 8.00618092E+11 7.72838632E+11 7.48457764E+11 7.29962242E+11 7.19761148E+11
 7.19429209E+11 7.17738246E+11 7.25623243E+11 7.43797778E+11 7.72959823E+11
 8.13765770E+11 8.66700223E+11 9.32187854E+11 1.00996350E+12 1.10254123E+12
 1.20806921E+12 1.32732427E+12 1.46079706E+12 1.60931465E+12 1.77401815E+12
 1.95634383E+12 2.15800105E+12 2.38094465E+12 2.62742503E+12 2.89994107E+12
 3.20123216E+12 3.53427690E+12 3.90229239E+12 4.30873483E+12 4.75730127E+12
 5.25193260E+12 5.79673536E+12 6.39623773E+12 7.05517204E+12 7.77852952E+12
 8.57158334E+12 9.43990064E+12 1.03893556E+13 1.14261439E+13 1.25567983E+13
 1.37881931E+13 1.51275702E+13 1.65826133E+13 1.81613876E+13 1.98723943E+13
 2.17245950E+13 2.37274377E+13 2.58908836E+13 2.82254368E+13 3.07421725E+13
 3.34527559E+13 3.63695181E+13 3.95054761E+13 4.28743521E+13 4.64906233E+13
 5.03695656E+13 5.45272998E+13 5.89808388E+13 6.37481383E+13 6.88481505E+13
 7.43008816E+13 8.01274390E+13 8.63501080E+13 9.29924104E+13 1.00079174E+14
 1.07636602E+14 2.09801313E+12 2.08729110E+12 2.07634091E+12 2.06500858E+12
 2.05308333E+12 2.04018963E+12 2.02544528E+12 2.00788402E+12 1.98969094E+12
 1.97116712E+12 1.95227989E+12 1.93297931E+12 1.91319057E+12 1.89279637E+12
 1.87160760E+12 1.84931427E+12 1.82539831E+12 1.79880125E+12 1.76818917E+12
 1.73463717E+12 1.69905197E+12 1.66199526E+12 1.62393167E+12 1.58533961E+12
 1.54678006E+12 1.50895505E+12 1.49191095E+12 1.47276873E+12 1.43855748E+12
 1.40659094E+12 1.37986010E+12 1.36153481E+12 1.36075757E+12 1.35035416E+12
 1.34954951E+12 1.35917972E+12 1.38002922E+12 1.41281644E+12 1.45801604E+12
 1.51458845E+12 1.58342340E+12 1.66736812E+12 1.76464503E+12 1.87605520E+12
 2.00209512E+12 2.14358902E+12 2.30167032E+12 2.47776462E+12 2.67355439E+12
 2.89085673E+12 3.13199530E+12 3.39948769E+12 3.69606503E+12 4.02469053E+12
 4.38856322E+12 4.79111946E+12 5.23603451E+12 5.72722443E+12 6.26857451E+12
 6.86480553E+12 7.52067026E+12 8.24114937E+12 9.03150507E+12 9.89729362E+12
 1.08443787E+13 1.18789457E+13 1.30075178E+13 1.42369715E+13 1.55745336E+13
 1.70278537E+13 1.86049985E+13 2.03144664E+13 2.21652143E+13 2.41666846E+13
 2.63288330E+13 2.86621562E+13 3.11777164E+13 3.38871114E+13 3.68026759E+13
 3.99374646E+13 4.33052084E+13 4.69203858E+13 5.07982721E+13 5.49549858E+13
 5.94075375E+13 6.41738803E+13 6.92729687E+13 7.47248187E+13 8.05505106E+13
 8.67723204E+13 9.34137616E+13 1.00499653E+14 1.08056191E+14 3.68428344E+12
 3.65956686E+12 3.63505666E+12 3.61047324E+12 3.58562413E+12 3.56036089E+12
 3.53455939E+12 3.51014689E+12 3.48509458E+12 3.45932743E+12 3.43281656E+12
 3.40544101E+12 3.37712278E+12 3.34781025E+12 3.31747249E+12 3.28609427E+12
 3.25364207E+12 3.21899333E+12 3.18085936E+12 3.14017826E+12 3.09717957E+12
 3.05215391E+12 3.00546522E+12 2.95757098E+12 2.90905053E+12 2.86064310E+12
 2.83849444E+12 2.81329752E+12 2.76708645E+12 2.72103383E+12 2.67868050E+12
 2.64456963E+12 2.64291648E+12 2.61516261E+12 2.59667157E+12 2.58856677E+12
 2.59185459E+12 2.60742824E+12 2.63587391E+12 2.67431099E+12 2.72360114E+12
 2.78786128E+12 2.86581444E+12 2.95849525E+12 3.06652306E+12 3.19078991E+12
 3.33246590E+12 3.49299402E+12 3.67357840E+12 3.87503957E+12 4.10068824E+12
 4.35334074E+12 4.63581270E+12 4.95108822E+12 5.30236332E+12 5.69306174E+12
 6.12684334E+12 6.60761055E+12 7.13947053E+12 7.72662677E+12 8.37385826E+12
 9.08616022E+12 9.86879131E+12 1.07272962E+13 1.16675228E+13 1.26956386E+13
 1.38181473E+13 1.50418706E+13 1.63738536E+13 1.78218159E+13 1.93938611E+13
 2.10984954E+13 2.29446717E+13 2.49418229E+13 2.70998932E+13 2.94293685E+13
 3.19413083E+13 3.46473332E+13 3.75596847E+13 4.06913955E+13 4.40562009E+13
 4.76685830E+13 5.15438179E+13 5.56980234E+13 6.01482076E+13 6.49123208E+13
 7.00093145E+13 7.54592196E+13 8.12831048E+13 8.75032191E+13 9.41430521E+13
 1.01227402E+14 1.08782446E+14 7.01729935E+12 6.95512551E+12 6.89539734E+12
 6.83729732E+12 6.78018084E+12 6.72352198E+12 6.66687851E+12 6.61122795E+12
 6.55736003E+12 6.50602768E+12 6.45506617E+12 6.40340485E+12 6.35044164E+12
 6.29579234E+12 6.23919082E+12 6.18044508E+12 6.11941237E+12 6.05605191E+12
 5.99310977E+12 5.93051340E+12 5.86734285E+12 5.80300344E+12 5.73713601E+12
 5.66957495E+12 5.60033568E+12 5.52962373E+12 5.49645037E+12 5.45786248E+12
 5.38594655E+12 5.31514574E+12 5.24770819E+12 5.18881630E+12 5.18578597E+12
 5.13049101E+12 5.08317021E+12 5.04515384E+12 5.01767803E+12 5.00187076E+12
 4.99858883E+12 5.00444467E+12 5.01898437E+12 5.04711708E+12 5.08835483E+12
 5.14432082E+12 5.21606288E+12 5.30478864E+12 5.41190423E+12 5.53903139E+12
 5.68645609E+12 5.85176460E+12 6.04082447E+12 6.25761260E+12 6.50538898E+12
 6.78733477E+12 7.10673674E+12 7.46705593E+12 7.87195937E+12 8.32533812E+12
 8.82971532E+12 9.38961034E+12 1.00107401E+13 1.06982568E+13 1.14574293E+13
 1.22937703E+13 1.32130810E+13 1.42214762E+13 1.53254054E+13 1.65316375E+13
 1.78470055E+13 1.92792240E+13 2.08364089E+13 2.25270402E+13 2.43600332E+13
 2.63447802E+13 2.84911836E+13 3.08096888E+13 3.33113158E+13 3.60076511E+13
 3.89108867E+13 4.20340135E+13 4.53907298E+13 4.89954831E+13 5.28635166E+13
 5.70109167E+13 6.14546620E+13 6.62126741E+13 7.13038649E+13 7.67481401E+13
 8.25665919E+13 8.87814891E+13 9.54163309E+13 1.02495918E+14 1.10046428E+14
 1.38737393E+13 1.37327294E+13 1.35968652E+13 1.34643172E+13 1.33336147E+13
 1.32035443E+13 1.30730802E+13 1.29442646E+13 1.28221844E+13 1.27077135E+13
 1.25962639E+13 1.24853805E+13 1.23734451E+13 1.22592914E+13 1.21420234E+13
 1.20209210E+13 1.18953904E+13 1.17677680E+13 1.16556956E+13 1.15496070E+13
 1.14442771E+13 1.13372740E+13 1.12272613E+13 1.11134637E+13 1.09954699E+13
 1.08731634E+13 1.08150341E+13 1.07467129E+13 1.06229879E+13 1.05061189E+13
 1.03909457E+13 1.02841421E+13 1.02784350E+13 1.01693826E+13 1.00653691E+13
 9.96806394E+12 9.87902891E+12 9.79969419E+12 9.73160005E+12 9.67608171E+12
 9.62905180E+12 9.59533594E+12 9.57455259E+12 9.56846062E+12 9.57821793E+12
 9.60507829E+12 9.65038393E+12 9.71550897E+12 9.79871981E+12 9.89579201E+12
 1.00149123E+13 1.01612464E+13 1.03388782E+13 1.05515841E+13 1.08030949E+13
 1.10972100E+13 1.14378573E+13 1.18291297E+13 1.22692291E+13 1.27630109E+13
 1.33190558E+13 1.39434314E+13 1.46417795E+13 1.54197772E+13 1.62832926E+13
 1.72384554E+13 1.82916978E+13 1.94492906E+13 2.07161536E+13 2.21019165E+13
 2.36149443E+13 2.52636928E+13 2.70570092E+13 2.90042048E+13 3.11150966E+13
 3.34000425E+13 3.58699748E+13 3.85363922E+13 4.14113033E+13 4.45076350E+13
 4.78390265E+13 5.14198604E+13 5.52653130E+13 5.93914033E+13 6.38150430E+13
 6.85540886E+13 7.36273878E+13 7.90546879E+13 8.48570316E+13 9.10566824E+13
 9.76771116E+13 1.04743084E+14 1.12280738E+14 2.77466858E+13 2.74515563E+13
 2.71656349E+13 2.68853081E+13 2.66076103E+13 2.63300526E+13 2.60505019E+13
 2.57731291E+13 2.55036332E+13 2.52486636E+13 2.50016423E+13 2.47578090E+13
 2.45136552E+13 2.42664713E+13 2.40140765E+13 2.37546548E+13 2.34866517E+13
 2.32120382E+13 2.29690524E+13 2.27445852E+13 2.25245101E+13 2.23023555E+13
 2.20746218E+13 2.18392361E+13 2.15949479E+13 2.13410766E+13 2.12200544E+13
 2.10774152E+13 2.08412133E+13 2.06389459E+13 2.04413904E+13 2.02552397E+13
 2.02451612E+13 2.00491320E+13 1.98542397E+13 1.96619278E+13 1.94736666E+13
 1.92908519E+13 1.91142488E+13 1.89511457E+13 1.88023762E+13 1.86673537E+13
 1.85440365E+13 1.84334101E+13 1.83361793E+13 1.82532424E+13 1.81855375E+13
 1.81338290E+13 1.81031585E+13 1.80922961E+13 1.81016195E+13 1.81362932E+13
 1.82008380E+13 1.82994512E+13 1.84361825E+13 1.86150367E+13 1.88400355E+13
 1.91152567E+13 1.94295776E+13 1.97916579E+13 2.02145492E+13 2.07062085E+13
 2.12733724E+13 2.19224586E+13 2.26598813E+13 2.34921909E+13 2.44261505E+13
 2.54665557E+13 2.66118420E+13 2.78779000E+13 2.92748038E+13 3.08115587E+13
 3.24972395E+13 3.43412472E+13 3.63534151E+13 3.85440716E+13 4.09240884E+13
 4.35037012E+13 4.62949073E+13 4.93115158E+13 5.25671180E+13 5.60759870E+13
 5.98531719E+13 6.39145563E+13 6.82769119E+13 7.29579530E+13 7.79763720E+13
 8.33515419E+13 8.91044746E+13 9.52573955E+13 1.01833675E+14 1.08857960E+14
 1.16356268E+14 5.43818389E+13 5.38439883E+13 5.33192812E+13 5.28018690E+13
 5.22867902E+13 5.17697541E+13 5.12469827E+13 5.07239367E+13 5.02082589E+13
 4.97147441E+13 4.92340478E+13 4.87584474E+13 4.82819064E+13 4.77995360E+13
 4.73072477E+13 4.68015243E+13 4.62792667E+13 4.57417695E+13 4.52527349E+13
 4.48039925E+13 4.43716853E+13 4.39423087E+13 4.35074251E+13 4.30613516E+13
 4.26000533E+13 4.21205876E+13 4.18915213E+13 4.16208259E+13 4.11284035E+13
 4.06902657E+13 4.02741318E+13 3.98853643E+13 3.98643062E+13 3.94527726E+13
 3.90368086E+13 3.86156986E+13 3.81895147E+13 3.77587049E+13 3.73267325E+13
 3.69753782E+13 3.66568872E+13 3.63518921E+13 3.60539708E+13 3.57625431E+13
 3.54777719E+13 3.52005974E+13 3.49325063E+13 3.46754262E+13 3.44393205E+13
 3.42383856E+13 3.40680396E+13 3.39286896E+13 3.38215507E+13 3.37480724E+13
 3.37097467E+13 3.37080162E+13 3.37442142E+13 3.38195204E+13 3.39420183E+13
 3.41143276E+13 3.43425120E+13 3.46337368E+13 3.49953440E+13 3.54347712E+13
 3.59595621E+13 3.65773963E+13 3.72961208E+13 3.81187367E+13 3.90311958E+13
 4.00566360E+13 4.12113355E+13 4.25073885E+13 4.39556469E+13 4.55666718E+13
 4.73511202E+13 4.93199359E+13 5.14844617E+13 5.38440585E+13 5.64143853E+13
 5.92169995E+13 6.22662039E+13 6.55765048E+13 6.91630289E+13 7.30416543E+13
 7.72290915E+13 8.17429512E+13 8.66016656E+13 9.18230754E+13 9.74293247E+13
 1.03442661E+14 1.09886268E+14 1.16784568E+14 1.24163341E+14 1.00377083E+14
 9.95938313E+13 9.88218516E+13 9.80538509E+13 9.72833936E+13 9.65047029E+13
 9.57125088E+13 9.49135906E+13 9.41175986E+13 9.33463939E+13 9.25883642E+13
 9.18332027E+13 9.10724876E+13 9.02991184E+13 8.95069346E+13 8.86904528E+13
 8.78446839E+13 8.69697188E+13 8.61564441E+13 8.54020365E+13 8.46731570E+13
 8.39493370E+13 8.32168978E+13 8.24660387E+13 8.16893347E+13 8.08809252E+13
 8.04940301E+13 8.00360724E+13 7.91870657E+13 7.84170668E+13 7.76864606E+13
 7.70056972E+13 7.69688547E+13 7.62485961E+13 7.55178359E+13 7.47721269E+13
 7.40086263E+13 7.32253910E+13 7.24232772E+13 7.17061767E+13 7.10583310E+13
 7.04432634E+13 6.98417539E+13 6.92452210E+13 6.86485653E+13 6.80490316E+13
 6.74453518E+13 6.68372975E+13 6.62484446E+13 6.57487869E+13 6.52938947E+13
 6.48658072E+13 6.44592847E+13 6.40734697E+13 6.37094341E+13 6.33692727E+13
 6.30557106E+13 6.27719105E+13 6.25624816E+13 6.24284938E+13 6.23530338E+13
 6.23358678E+13 6.23809726E+13 6.24939404E+13 6.26811895E+13 6.29496676E+13
 6.33067212E+13 6.37596724E+13 6.43116926E+13 6.49753838E+13 6.57630143E+13
 6.66856529E+13 6.77542211E+13 6.89798368E+13 7.03739586E+13 7.19484632E+13
 7.37156953E+13 7.56717777E+13 7.78223368E+13 8.01977389E+13 8.28189791E+13
 8.57045500E+13 8.88722128E+13 9.23397296E+13 9.61252291E+13 1.00247422E+14
 1.04722263E+14 1.09545244E+14 1.14764280E+14 1.20403626E+14 1.26486761E+14
 1.33038216E+14 1.40083782E+14 1.74289622E+14 1.73372226E+14 1.72463131E+14
 1.71554390E+14 1.70638795E+14 1.69709703E+14 1.68760898E+14 1.67785338E+14
 1.66786921E+14 1.65807970E+14 1.64838891E+14 1.63867913E+14 1.62885063E+14
 1.61881644E+14 1.60849860E+14 1.59782555E+14 1.58673019E+14 1.57512129E+14
 1.56392876E+14 1.55341221E+14 1.54317880E+14 1.53297308E+14 1.52261572E+14
 1.51197220E+14 1.50093584E+14 1.48941824E+14 1.48389388E+14 1.47734375E+14
 1.46496107E+14 1.45347621E+14 1.44249719E+14 1.43222770E+14 1.43167109E+14
 1.42077173E+14 1.40966901E+14 1.39827739E+14 1.38653370E+14 1.37438784E+14
 1.36179527E+14 1.34986858E+14 1.33892536E+14 1.32845262E+14 1.31814027E+14
 1.30781893E+14 1.29737584E+14 1.28673511E+14 1.27584426E+14 1.26466672E+14
 1.25363929E+14 1.24404574E+14 1.23513150E+14 1.22652497E+14 1.21806491E+14
 1.20967523E+14 1.20132207E+14 1.19299587E+14 1.18470278E+14 1.17646025E+14
 1.16968496E+14 1.16411173E+14 1.15920299E+14 1.15481156E+14 1.15090091E+14
 1.14748082E+14 1.14458478E+14 1.14226057E+14 1.14056584E+14 1.13980864E+14
 1.14060806E+14 1.14237220E+14 1.14515997E+14 1.14907026E+14 1.15421204E+14
 1.16070174E+14 1.16866276E+14 1.17822546E+14 1.18952720E+14 1.20254520E+14
 1.21734454E+14 1.23425282E+14 1.25351360E+14 1.27534054E+14 1.29993560E+14
 1.32749469E+14 1.35820659E+14 1.39224358E+14 1.42970312E+14 1.47045836E+14
 1.51509674E+14 1.56393503E+14 1.61725766E+14 1.67534765E+14 1.73849280E+14
 2.91066245E+14 2.90089624E+14 2.89108466E+14 2.88115234E+14 2.87102852E+14
 2.86064572E+14 2.84993870E+14 2.83893960E+14 2.82795901E+14 2.81709476E+14
 2.80619300E+14 2.79514360E+14 2.78384871E+14 2.77221903E+14 2.76017119E+14
 2.74762562E+14 2.73450509E+14 2.72101183E+14 2.70869341E+14 2.69694981E+14
 2.68542221E+14 2.67386160E+14 2.66208321E+14 2.64994147E+14 2.63731565E+14
 2.62410132E+14 2.61774910E+14 2.61020522E+14 2.59543365E+14 2.58126459E+14
 2.56755543E+14 2.55464383E+14 2.55394224E+14 2.54017322E+14 2.52609143E+14
 2.51158461E+14 2.49656316E+14 2.48095077E+14 2.46462407E+14 2.44835108E+14
 2.43312674E+14 2.41841342E+14 2.40384360E+14 2.38919001E+14 2.37428757E+14
 2.35901364E+14 2.34327328E+14 2.32699040E+14 2.31025808E+14 2.29477957E+14
 2.28023146E+14 2.26611140E+14 2.25213375E+14 2.23812428E+14 2.22397148E+14
 2.20960202E+14 2.19496742E+14 2.18003656E+14 2.16597896E+14 2.15357955E+14
 2.14200073E+14 2.13089114E+14 2.12009058E+14 2.10952719E+14 2.09917648E+14
 2.08904274E+14 2.07914990E+14 2.07057403E+14 2.06541625E+14 2.06122651E+14
 2.05787558E+14 2.05538492E+14 2.05381863E+14 2.05326408E+14 2.05382507E+14
 2.05561887E+14 2.05877481E+14 2.06355294E+14 2.07034639E+14 2.07912801E+14
 2.09002047E+14 2.10319058E+14 2.11881934E+14 2.13708777E+14 2.15815910E+14
 2.18214211E+14 2.20901751E+14 2.23893161E+14 2.27228287E+14 2.30945944E+14
 2.35081372E+14 2.39668383E+14 2.44740464E+14 4.69473662E+14 4.68747136E+14
 4.68018222E+14 4.67281406E+14 4.66531464E+14 4.65763373E+14 4.64972235E+14
 4.64153483E+14 4.63304501E+14 4.62455661E+14 4.61601493E+14 4.60733777E+14
 4.59845048E+14 4.58928354E+14 4.57977067E+14 4.56984735E+14 4.55944965E+14
 4.54837392E+14 4.53703923E+14 4.52602588E+14 4.51505275E+14 4.50391680E+14
 4.49246106E+14 4.48055665E+14 4.46809225E+14 4.45496770E+14 4.44863304E+14
 4.44109015E+14 4.42622310E+14 4.41157075E+14 4.39706917E+14 4.38318358E+14
 4.38242373E+14 4.36741678E+14 4.35190800E+14 4.33579075E+14 4.31897368E+14
 4.30137356E+14 4.28296494E+14 4.26528422E+14 4.24827374E+14 4.23152530E+14
 4.21472314E+14 4.19765633E+14 4.18015863E+14 4.16209672E+14 4.14335921E+14
 4.12384967E+14 4.10372400E+14 4.08456717E+14 4.06612556E+14 4.04796396E+14
 4.02979615E+14 4.01142292E+14 3.99269874E+14 3.97351267E+14 3.95377703E+14
 3.93342043E+14 3.91314858E+14 3.89440762E+14 3.87652380E+14 3.85908738E+14
 3.84184893E+14 3.82464997E+14 3.80738747E+14 3.78999447E+14 3.77242898E+14
 3.75486698E+14 3.73946776E+14 3.72582281E+14 3.71328077E+14 3.70153807E+14
 3.69045287E+14 3.67996939E+14 3.67008323E+14 3.66082418E+14 3.65224726E+14
 3.64641334E+14 3.64392533E+14 3.64327242E+14 3.64421866E+14 3.64678440E+14
 3.65107736E+14 3.65724851E+14 3.66547716E+14 3.67596518E+14 3.68897800E+14
 3.70541082E+14 3.72550332E+14 3.74933639E+14 3.77704942E+14 3.80881850E+14
 3.84484711E+14 7.59930618E+14 7.59259049E+14 7.58584196E+14 7.57900633E+14
 7.57203260E+14 7.56487197E+14 7.55747702E+14 7.54985071E+14 7.54226074E+14
 7.53477450E+14 7.52727275E+14 7.51967362E+14 7.51190456E+14 7.50389919E+14
 7.49559511E+14 7.48693211E+14 7.47785087E+14 7.46795643E+14 7.45717875E+14
 7.44665331E+14 7.43611734E+14 7.42537993E+14 7.41429206E+14 7.40272990E+14
 7.39058500E+14 7.37775832E+14 7.37155437E+14 7.36415668E+14 7.35017447E+14
 7.33666324E+14 7.32326257E+14 7.31039965E+14 7.30969482E+14 7.29575470E+14
 7.28131192E+14 7.26626744E+14 7.25053536E+14 7.23403611E+14 7.21668880E+14
 7.19941623E+14 7.18267276E+14 7.16608309E+14 7.14934971E+14 7.13227131E+14
 7.11468553E+14 7.09645901E+14 7.07747720E+14 7.05763790E+14 7.03696340E+14
 7.01690503E+14 6.99735086E+14 6.97790396E+14 6.95829158E+14 6.93831481E+14
 6.91782060E+14 6.89668535E+14 6.87480486E+14 6.85208790E+14 6.82918432E+14
 6.80749220E+14 6.78642678E+14 6.76559933E+14 6.74475109E+14 6.72370018E+14
 6.70231280E+14 6.68048661E+14 6.65814074E+14 6.63521796E+14 6.61369044E+14
 6.59366498E+14 6.57452463E+14 6.55592069E+14 6.53764407E+14 6.51956631E+14
 6.50160957E+14 6.48373029E+14 6.46590995E+14 6.45011348E+14 6.43751145E+14
 6.42677571E+14 6.41746278E+14 6.40939537E+14 6.40251982E+14 6.39685315E+14
 6.39245918E+14 6.38943662E+14 6.38799210E+14 6.39042058E+14 6.39648457E+14
 6.40558378E+14 6.41760979E+14 6.43263319E+14 6.45081142E+14 1.24005039E+15
 1.23944511E+15 1.23883885E+15 1.23822713E+15 1.23760571E+15 1.23697052E+15
 1.23631756E+15 1.23564340E+15 1.23493835E+15 1.23423204E+15 1.23352089E+15
 1.23279785E+15 1.23205657E+15 1.23129115E+15 1.23049592E+15 1.22966534E+15
 1.22879387E+15 1.22787031E+15 1.22694510E+15 1.22604867E+15 1.22515623E+15
 1.22425011E+15 1.22331670E+15 1.22234482E+15 1.22132476E+15 1.22024769E+15
 1.21972669E+15 1.21910533E+15 1.21790399E+15 1.21673526E+15 1.21558031E+15
 1.21447428E+15 1.21441373E+15 1.21321689E+15 1.21197841E+15 1.21068988E+15
 1.20934403E+15 1.20793416E+15 1.20644446E+15 1.20487764E+15 1.20336014E+15
 1.20185762E+15 1.20034261E+15 1.19879674E+15 1.19720514E+15 1.19555559E+15
 1.19383754E+15 1.19204156E+15 1.19006087E+15 1.18802157E+15 1.18601313E+15
 1.18399923E+15 1.18195417E+15 1.17985858E+15 1.17769707E+15 1.17545671E+15
 1.17312616E+15 1.17069511E+15 1.16831216E+15 1.16602747E+15 1.16378524E+15
 1.16155002E+15 1.15929677E+15 1.15700679E+15 1.15466545E+15 1.15226073E+15
 1.14978236E+15 1.14722425E+15 1.14477000E+15 1.14243964E+15 1.14017961E+15
 1.13795524E+15 1.13574289E+15 1.13352584E+15 1.13129183E+15 1.12903168E+15
 1.12673835E+15 1.12441377E+15 1.12231765E+15 1.12039383E+15 1.11858905E+15
 1.11687286E+15 1.11522764E+15 1.11364364E+15 1.11211633E+15 1.11064493E+15
 1.10925465E+15 1.10829749E+15 1.10769337E+15 1.10734234E+15 1.10721062E+15
 1.10728975E+15 1.10758380E+15 2.04100732E+15 2.04046945E+15 2.03993077E+15
 2.03938806E+15 2.03883824E+15 2.03827830E+15 2.03770524E+15 2.03710914E+15
 2.03649127E+15 2.03587154E+15 2.03524511E+15 2.03460640E+15 2.03395049E+15
 2.03327278E+15 2.03256879E+15 2.03183402E+15 2.03106392E+15 2.03024835E+15
 2.02943164E+15 2.02864099E+15 2.02785336E+15 2.02705260E+15 2.02622639E+15
 2.02536465E+15 2.02445865E+15 2.02350043E+15 2.02303638E+15 2.02248252E+15
 2.02139905E+15 2.02033400E+15 2.01927562E+15 2.01825721E+15 2.01820133E+15
 2.01709452E+15 2.01594539E+15 2.01474671E+15 2.01349224E+15 2.01217608E+15
 2.01078839E+15 2.00936965E+15 2.00799012E+15 2.00661896E+15 2.00523146E+15
 2.00381136E+15 2.00234547E+15 2.00082292E+15 1.99923433E+15 1.99757119E+15
 1.99582369E+15 1.99410345E+15 1.99241157E+15 1.99071698E+15 1.98899808E+15
 1.98723890E+15 1.98542687E+15 1.98355157E+15 1.98160390E+15 1.97957563E+15
 1.97744682E+15 1.97538259E+15 1.97334591E+15 1.97130718E+15 1.96924535E+15
 1.96714455E+15 1.96499219E+15 1.96277772E+15 1.96049197E+15 1.95803780E+15
 1.95547601E+15 1.95298365E+15 1.95051874E+15 1.94805216E+15 1.94556255E+15
 1.94303351E+15 1.94045180E+15 1.93780635E+15 1.93508754E+15 1.93246987E+15
 1.93004978E+15 1.92774858E+15 1.92552638E+15 1.92335641E+15 1.92122019E+15
 1.91910476E+15 1.91700094E+15 1.91490234E+15 1.91278108E+15 1.91077948E+15
 1.90905551E+15 1.90754168E+15 1.90619964E+15 1.90500793E+15 1.90395574E+15
 3.39187199E+15 3.39139825E+15 3.39091357E+15 3.39041179E+15 3.38988784E+15
 3.38933724E+15 3.38875586E+15 3.38813854E+15 3.38752204E+15 3.38693749E+15
 3.38636416E+15 3.38578775E+15 3.38519816E+15 3.38458762E+15 3.38394968E+15
 3.38327865E+15 3.38256921E+15 3.38181610E+15 3.38106674E+15 3.38033358E+15
 3.37959855E+15 3.37884837E+15 3.37807251E+15 3.37726209E+15 3.37640921E+15
 3.37550657E+15 3.37506927E+15 3.37454721E+15 3.37354323E+15 3.37256393E+15
 3.37158802E+15 3.37064562E+15 3.37059381E+15 3.36956567E+15 3.36849476E+15
 3.36737474E+15 3.36620015E+15 3.36496578E+15 3.36366538E+15 3.36235610E+15
 3.36107497E+15 3.35979521E+15 3.35849491E+15 3.35715979E+15 3.35577817E+15
 3.35434034E+15 3.35283783E+15 3.35126292E+15 3.34961923E+15 3.34800239E+15
 3.34640061E+15 3.34478643E+15 3.34314086E+15 3.34144977E+15 3.33970195E+15
 3.33788801E+15 3.33599960E+15 3.33402905E+15 3.33202342E+15 3.33006580E+15
 3.32811877E+15 3.32615626E+15 3.32415979E+15 3.32211529E+15 3.32001143E+15
 3.31783856E+15 3.31558804E+15 3.31325456E+15 3.31095751E+15 3.30871042E+15
 3.30647827E+15 3.30423679E+15 3.30196814E+15 3.29965849E+15 3.29729653E+15
 3.29487260E+15 3.29237807E+15 3.28983616E+15 3.28739575E+15 3.28502631E+15
 3.28269550E+15 3.28038056E+15 3.27806474E+15 3.27573526E+15 3.27338204E+15
 3.27099686E+15 3.26857006E+15 3.26625157E+15 3.26411443E+15 3.26211439E+15
 3.26022241E+15 3.25841919E+15 3.25669204E+15 5.67999864E+15 5.67950728E+15
 5.67900897E+15 5.67849809E+15 5.67796983E+15 5.67741982E+15 5.67684398E+15
 5.67624251E+15 5.67562774E+15 5.67503195E+15 5.67444248E+15 5.67384800E+15
 5.67323988E+15 5.67261113E+15 5.67195567E+15 5.67126794E+15 5.67054267E+15
 5.66977313E+15 5.66900640E+15 5.66825950E+15 5.66751320E+15 5.66675344E+15
 5.66596918E+15 5.66515117E+15 5.66429122E+15 5.66338182E+15 5.66294143E+15
 5.66241580E+15 5.66140260E+15 5.66042157E+15 5.65944836E+15 5.65850974E+15
 5.65845814E+15 5.65743390E+15 5.65636614E+15 5.65524823E+15 5.65407453E+15
 5.65283976E+15 5.65153613E+15 5.65020218E+15 5.64888975E+15 5.64757623E+15
 5.64624159E+15 5.64487236E+15 5.64345711E+15 5.64198611E+15 5.64045071E+15
 5.63884295E+15 5.63716430E+15 5.63552069E+15 5.63389944E+15 5.63226916E+15
 5.63060873E+15 5.62890278E+15 5.62713930E+15 5.62530831E+15 5.62340106E+15
 5.62140945E+15 5.61937158E+15 5.61738493E+15 5.61541063E+15 5.61342122E+15
 5.61139719E+15 5.60932375E+15 5.60718892E+15 5.60498249E+15 5.60269525E+15
 5.60032120E+15 5.59798576E+15 5.59570279E+15 5.59343478E+15 5.59115585E+15
 5.58884699E+15 5.58649337E+15 5.58408281E+15 5.58160477E+15 5.57904973E+15
 5.57640277E+15 5.57384262E+15 5.57134683E+15 5.56888068E+15 5.56641934E+15
 5.56394410E+15 5.56144026E+15 5.55889571E+15 5.55630005E+15 5.55363665E+15
 5.55104318E+15 5.54861139E+15 5.54629434E+15 5.54405978E+15 5.54188483E+15
 5.53975284E+15 9.53851582E+15 9.53803234E+15 9.53754618E+15 9.53705267E+15
 9.53654756E+15 9.53602690E+15 9.53548693E+15 9.53492488E+15 9.53434186E+15
 9.53376589E+15 9.53319091E+15 9.53260911E+15 9.53201389E+15 9.53139942E+15
 9.53076039E+15 9.53009174E+15 9.52938852E+15 9.52864186E+15 9.52789372E+15
 9.52716765E+15 9.52644391E+15 9.52570826E+15 9.52494965E+15 9.52415887E+15
 9.52332785E+15 9.52244919E+15 9.52202372E+15 9.52151590E+15 9.52052753E+15
 9.51956771E+15 9.51861640E+15 9.51769914E+15 9.51764872E+15 9.51664777E+15
 9.51560424E+15 9.51451165E+15 9.51336455E+15 9.51215783E+15 9.51088400E+15
 9.50958079E+15 9.50829853E+15 9.50701597E+15 9.50571388E+15 9.50437934E+15
 9.50300132E+15 9.50157041E+15 9.50007825E+15 9.49851713E+15 9.49687691E+15
 9.49526378E+15 9.49367514E+15 9.49207916E+15 9.49045467E+15 9.48878637E+15
 9.48706238E+15 9.48527291E+15 9.48340936E+15 9.48146384E+15 9.47946002E+15
 9.47750715E+15 9.47556708E+15 9.47361239E+15 9.47162372E+15 9.46958647E+15
 9.46748884E+15 9.46532076E+15 9.46307317E+15 9.46072888E+15 9.45840133E+15
 9.45612280E+15 9.45385557E+15 9.45157369E+15 9.44925809E+15 9.44689390E+15
 9.44446877E+15 9.44197196E+15 9.43939368E+15 9.43673895E+15 9.43416848E+15
 9.43165433E+15 9.42916212E+15 9.42666710E+15 9.42415042E+15 9.42159702E+15
 9.41899426E+15 9.41633110E+15 9.41357910E+15 9.41083384E+15 9.40822603E+15
 9.40570985E+15 9.40325287E+15 9.40083121E+15 9.39842665E+15 1.60476145E+16
 1.60472008E+16 1.60467891E+16 1.60463758E+16 1.60459575E+16 1.60455310E+16
 1.60450934E+16 1.60446327E+16 1.60441346E+16 1.60436385E+16 1.60431442E+16
 1.60426458E+16 1.60421382E+16 1.60416167E+16 1.60410769E+16 1.60405148E+16
 1.60399262E+16 1.60392938E+16 1.60386369E+16 1.60380046E+16 1.60373781E+16
 1.60367438E+16 1.60360914E+16 1.60354127E+16 1.60347004E+16 1.60339478E+16
 1.60335836E+16 1.60331489E+16 1.60322639E+16 1.60313801E+16 1.60305037E+16
 1.60296615E+16 1.60296153E+16 1.60287004E+16 1.60277514E+16 1.60267628E+16
 1.60257299E+16 1.60246483E+16 1.60235085E+16 1.60223326E+16 1.60211965E+16
 1.60200723E+16 1.60189379E+16 1.60177796E+16 1.60165866E+16 1.60153501E+16
 1.60140626E+16 1.60127176E+16 1.60112658E+16 1.60097984E+16 1.60083532E+16
 1.60069044E+16 1.60054341E+16 1.60039292E+16 1.60023797E+16 1.60007773E+16
 1.59991147E+16 1.59973853E+16 1.59955458E+16 1.59937562E+16 1.59919848E+16
 1.59902062E+16 1.59884027E+16 1.59865613E+16 1.59846717E+16 1.59827252E+16
 1.59807141E+16 1.59785928E+16 1.59764402E+16 1.59743390E+16 1.59722539E+16
 1.59701609E+16 1.59680428E+16 1.59658863E+16 1.59636806E+16 1.59614165E+16
 1.59590855E+16 1.59566091E+16 1.59541877E+16 1.59518196E+16 1.59494743E+16
 1.59471295E+16 1.59447682E+16 1.59423769E+16 1.59399442E+16 1.59374602E+16
 1.59348763E+16 1.59322119E+16 1.59296731E+16 1.59272165E+16 1.59248114E+16
 1.59224347E+16 1.59200690E+16 2.70906683E+16 2.70902128E+16 2.70897534E+16
 2.70892868E+16 2.70888095E+16 2.70883185E+16 2.70878105E+16 2.70872890E+16
 2.70867584E+16 2.70862284E+16 2.70856931E+16 2.70851469E+16 2.70845847E+16
 2.70840019E+16 2.70833939E+16 2.70827565E+16 2.70820851E+16 2.70813780E+16
 2.70806820E+16 2.70799994E+16 2.70793133E+16 2.70786116E+16 2.70778844E+16
 2.70771235E+16 2.70763215E+16 2.70754715E+16 2.70750592E+16 2.70745668E+16
 2.70736264E+16 2.70727088E+16 2.70717910E+16 2.70709021E+16 2.70708531E+16
 2.70698808E+16 2.70688661E+16 2.70678036E+16 2.70666881E+16 2.70655152E+16
 2.70642804E+16 2.70630492E+16 2.70618413E+16 2.70606317E+16 2.70594001E+16
 2.70581334E+16 2.70568207E+16 2.70554530E+16 2.70540224E+16 2.70525217E+16
 2.70509637E+16 2.70494358E+16 2.70479168E+16 2.70463810E+16 2.70448108E+16
 2.70431931E+16 2.70415177E+16 2.70397758E+16 2.70379596E+16 2.70360619E+16
 2.70341429E+16 2.70322570E+16 2.70303705E+16 2.70284604E+16 2.70265103E+16
 2.70245072E+16 2.70224407E+16 2.70203015E+16 2.70180810E+16 2.70157845E+16
 2.70135350E+16 2.70113195E+16 2.70091001E+16 2.70068520E+16 2.70045574E+16
 2.70022022E+16 2.69997750E+16 2.69972654E+16 2.69946640E+16 2.69920151E+16
 2.69894114E+16 2.69868245E+16 2.69842298E+16 2.69816080E+16 2.69789433E+16
 2.69762218E+16 2.69734314E+16 2.69705605E+16 2.69676039E+16 2.69647167E+16
 2.69619260E+16 2.69591850E+16 2.69564604E+16 2.69537276E+16 2.69509668E+16
