 MgO from SESAME #7460 NB uses SNL-SESAME Ztot Atot, not LANL avg
   750     2.00000000E+01 4.03044000E+01 3.58400000E+00    5514
 7.30000000E+01 3.70000000E+01 0.00000000E+00 3.58400007E-06 7.16800014E-06
 1.79199997E-05 3.58399993E-05 7.16799987E-05 1.79199997E-04 3.58399993E-04
 7.16799987E-04 1.79200002E-03 3.58400005E-03 5.37599996E-03 8.96000024E-03
 1.43360002E-02 2.15039998E-02 3.58400010E-02 5.37599996E-02 8.95999968E-02
 1.43360004E-01 2.15039998E-01 3.58399987E-01 4.48000014E-01 5.37599981E-01
 7.16799974E-01 8.96000028E-01 1.07519996E+00 1.43359995E+00 1.79200006E+00
 2.15039992E+00 2.50880003E+00 2.86719990E+00 3.22560000E+00 3.40479994E+00
 3.58400011E+00 3.61983991E+00 3.76320004E+00 3.94239998E+00 4.30079985E+00
 5.01760006E+00 5.12512016E+00 5.73439980E+00 5.98528004E+00 6.12864017E+00
 6.45120001E+00 7.09632015E+00 7.16800022E+00 8.96000004E+00 1.07519999E+01
 1.25439997E+01 1.43360004E+01 1.79200001E+01 2.15039997E+01 2.50879993E+01
 2.86720009E+01 3.22560005E+01 3.58400002E+01 5.37599983E+01 7.16800003E+01
 8.95999985E+01 1.07519997E+02 1.43360001E+02 2.15039993E+02 2.86720001E+02
 3.58399994E+02 5.37599976E+02 8.96000000E+02 1.43359998E+03 2.15039990E+03
 3.58400000E+03 7.16800000E+03 1.79200000E+04 3.58400000E+04 7.16800000E+04
 0.00000000E+00 1.25004099E-05 2.56927926E-05 5.00014659E-05 1.00002585E-04
 2.50007324E-04 5.00015532E-04 7.50022814E-04 1.00003452E-03 1.50004748E-03
 2.00006028E-03 2.50007324E-03 3.00009496E-03 4.00012055E-03 5.00014648E-03
 8.00024111E-03 1.00002586E-02 1.50004741E-02 2.00006034E-02 2.50007328E-02
 3.00009483E-02 4.00012069E-02 5.00014655E-02 8.00024138E-02 1.00002586E-01
 1.50004741E-01 2.50007328E-01 4.00012069E-01 6.00018103E-01 1.00002586E+00
 1.50004741E+00 2.50007328E+00 6.00018138E+00 1.00002586E+01 2.00006028E+01
 5.00014641E+01 1.00002586E+02 0.00000000E+00-6.57646979E+03-1.57503996E+04
-4.99682938E+04-1.19672004E+05-2.86608993E+05-9.09270020E+05-2.17765002E+06
-5.21534996E+06-1.65454997E+07-3.96248978E+07-6.60442002E+07-1.25703998E+08
-2.27258001E+08-3.78763005E+08-7.20857978E+08-1.20135002E+09-2.28606001E+09
-4.13152009E+09-6.88241005E+09-1.30825996E+10-1.73127997E+10-2.17591000E+10
-3.11794996E+10-4.11601019E+10-5.15704012E+10-7.32613993E+10-9.53934002E+10
-1.16563997E+11-1.33410997E+11-1.37479000E+11-1.09003000E+11-7.06721973E+10
-5.68656981E+09 1.09517002E+10 8.27431965E+10 1.84354000E+11 4.27774010E+11
 1.08096001E+12 1.19896004E+12 1.96756989E+12 2.33591003E+12 2.55990005E+12
 3.10015015E+12 4.33045990E+12 4.48091003E+12 9.15015991E+12 1.56053003E+13
 2.38982007E+13 3.40423999E+13 5.99660986E+13 9.34426953E+13 1.34452998E+14
 1.82975000E+14 2.38976992E+14 3.02419004E+14 7.28763984E+14 1.33174000E+15
 2.10460000E+15 3.04158000E+15 5.38807000E+15 1.18636000E+16 2.05596000E+16
 3.13357000E+16 6.67215000E+16 1.70196000E+17 3.97660000E+17 8.20054000E+17
 2.02228000E+18 6.79012928E+18 3.30562995E+19 1.08309002E+20 3.52454001E+20
 0.00000000E+00-3.88404004E+03-1.03554009E+04-3.64620996E+04-9.26525991E+04
-2.32592993E+05-7.74439977E+05-1.90851002E+06-4.67845995E+06-1.52091996E+07
-3.69633990E+07-6.20630011E+07-1.19094001E+08-2.16725003E+08-3.63024995E+08
-6.94765076E+08-1.16237998E+09-2.22143993E+09-4.02826995E+09-6.72637999E+09
-1.28100002E+10-1.69544995E+10-2.13003993E+10-3.04662991E+10-4.01203012E+10
-5.01588011E+10-7.11668015E+10-9.29745960E+10-1.14277000E+11-1.31569004E+11
-1.36169004E+11-1.08149004E+11-6.99962997E+10-5.15519023E+09 1.14581001E+10
 8.31622028E+10 1.84687996E+11 4.27991982E+11 1.08106003E+12 1.19904999E+12
 1.96761993E+12 2.33595001E+12 2.55994003E+12 3.10016998E+12 4.33048004E+12
 4.48092010E+12 9.15015015E+12 1.56053003E+13 2.38981006E+13 3.40423999E+13
 5.99660986E+13 9.34426953E+13 1.34452998E+14 1.82975000E+14 2.38976992E+14
 3.02419004E+14 7.28763984E+14 1.33174000E+15 2.10460000E+15 3.04158000E+15
 5.38807000E+15 1.18636000E+16 2.05596000E+16 3.13357000E+16 6.67215000E+16
 1.70196000E+17 3.97660000E+17 8.20054000E+17 2.02228000E+18 6.79012928E+18
 3.30562995E+19 1.08309002E+20 3.52454001E+20 0.00000000E+00-1.06656003E+03
-4.69724000E+03-2.22563995E+04-6.41743009E+04-1.75543992E+05-6.31665025E+05
-1.62295997E+06-4.10770997E+06-1.37849001E+07-3.41206999E+07-5.78053016E+07
-1.12012997E+08-2.05419995E+08-3.46102007E+08-6.66636005E+08-1.12026997E+09
-2.15140000E+09-3.91624004E+09-6.55776978E+09-1.25233996E+10-1.65873003E+10
-2.08436990E+10-2.97836018E+10-3.91108990E+10-4.86835003E+10-6.83452988E+10
-8.85717010E+10-1.08558998E+11-1.25152998E+11-1.29776001E+11-1.02365999E+11
-6.46584988E+10-3.09520997E+08 1.62036002E+10 8.75269032E+10 1.88619995E+11
 4.31194954E+11 1.08323997E+12 1.20111000E+12 1.96917007E+12 2.33733002E+12
 2.56123993E+12 3.10131989E+12 4.33136993E+12 4.48179993E+12 9.15065979E+12
 1.56056006E+13 2.38984009E+13 3.40426001E+13 5.99662012E+13 9.34426953E+13
 1.34452998E+14 1.82975000E+14 2.38976992E+14 3.02419004E+14 7.28763984E+14
 1.33174000E+15 2.10460000E+15 3.04158000E+15 5.38807000E+15 1.18636000E+16
 2.05596000E+16 3.13357000E+16 6.67215000E+16 1.70196000E+17 3.97660000E+17
 8.20054000E+17 2.02228000E+18 6.79012928E+18 3.30562995E+19 1.08309002E+20
 3.52454001E+20 0.00000000E+00 4.15046003E+03 5.77722972E+03 4.03516992E+03
-1.14746001E+04-6.99832981E+04-3.67499997E+05-1.09462002E+06-3.05163005E+06
-1.11489999E+07-2.88584991E+07-4.99222986E+07-9.88993980E+07-1.84477996E+08
-3.14745009E+08-6.14495985E+08-1.04221001E+09-2.02157006E+09-3.70873988E+09
-6.24619007E+09-1.19988012E+10-1.59231997E+10-2.00310993E+10-2.86301994E+10
-3.74848008E+10-4.64131021E+10-6.40180969E+10-8.12745953E+10-9.80352020E+10
-1.11858997E+11-1.14626999E+11-8.64774990E+10-4.88216019E+10 1.52152002E+10
 3.16407990E+10 1.02607002E+11 2.03241997E+11 4.44901009E+11 1.09523003E+12
 1.21285004E+12 1.97964981E+12 2.34735001E+12 2.57100006E+12 3.11053040E+12
 4.33962006E+12 4.48994995E+12 9.15681030E+12 1.56104004E+13 2.39021997E+13
 3.40458008E+13 5.99685010E+13 9.34445020E+13 1.34454004E+14 1.82975996E+14
 2.38978008E+14 3.02420000E+14 7.28765000E+14 1.33174000E+15 2.10460000E+15
 3.04158000E+15 5.38807000E+15 1.18636000E+16 2.05596000E+16 3.13357000E+16
 6.67215000E+16 1.70196000E+17 3.97660000E+17 8.20054000E+17 2.02228000E+18
 6.79012928E+18 3.30562995E+19 1.08309002E+20 3.52454001E+20 0.00000000E+00
 1.58317005E+04 2.90221010E+04 6.17231990E+04 1.03213997E+05 1.57958002E+05
 1.97461995E+05 2.78293010E+04-8.21569993E+05-5.62140020E+06-1.78714003E+07
-3.34982993E+07-7.16381008E+07-1.41013004E+08-2.49729007E+08-5.06487004E+08
-8.80571976E+08-1.75286993E+09-3.27955991E+09-5.60258985E+09-1.09211004E+10
-1.45669985E+10-1.83863997E+10-2.64251995E+10-3.42427969E+10-4.21497011E+10
-5.65453005E+10-6.86112022E+10-7.87717009E+10-8.59006023E+10-8.30556011E+10
-5.11088991E+10-1.23632002E+10 5.21881008E+10 6.86562014E+10 1.39757996E+11
 2.40501976E+11 4.82243004E+11 1.13246002E+12 1.25005997E+12 2.01662003E+12
 2.38419998E+12 2.60778015E+12 3.14714966E+12 4.37588013E+12 4.52615997E+12
 9.19179016E+12 1.56440002E+13 2.39341992E+13 3.40761011E+13 5.99956006E+13
 9.34687012E+13 1.34475996E+14 1.82995000E+14 2.38995000E+14 3.02435996E+14
 7.28775000E+14 1.33175000E+15 2.10461000E+15 3.04158000E+15 5.38807000E+15
 1.18636000E+16 2.05596000E+16 3.13357000E+16 6.67215000E+16 1.70196000E+17
 3.97660000E+17 8.20054000E+17 2.02228000E+18 6.79012928E+18 3.30562995E+19
 1.08309002E+20 3.52454001E+20 0.00000000E+00 5.29950012E+04 1.02527001E+05
 2.42736005E+05 4.61062991E+05 8.65356051E+05 1.93911997E+06 3.47210007E+06
 5.99268009E+06 1.11878000E+07 1.54406996E+07 1.62267999E+07 1.07770995E+07
-9.73997987E+06-5.34845982E+07-1.80600006E+08-3.92935984E+08-9.42258015E+08
-1.98500007E+09-3.66248995E+09-7.68269002E+09-1.05062997E+10-1.34888005E+10
-2.01349998E+10-2.45840001E+10-3.00482988E+10-3.76337004E+10-3.85456991E+10
-3.25686002E+10-2.06416011E+10 6.87796995E+08 4.74373007E+10 9.15122986E+10
 1.59757996E+11 1.76784000E+11 2.49971008E+11 3.53054008E+11 5.98873024E+11
 1.25601997E+12 1.37460007E+12 2.14645996E+12 2.51617996E+12 2.74097992E+12
 3.28304993E+12 4.51713013E+12 4.66799988E+12 9.34796997E+12 1.58135999E+13
 2.41160010E+13 3.42689014E+13 6.02068018E+13 9.36937988E+13 1.34710996E+14
 1.83238008E+14 2.39241992E+14 3.02685020E+14 7.29017031E+14 1.33197000E+15
 2.10481000E+15 3.04176000E+15 5.38821000E+15 1.18637000E+16 2.05597000E+16
 3.13357000E+16 6.67216000E+16 1.70196000E+17 3.97660000E+17 8.20054000E+17
 2.02228000E+18 6.79012928E+18 3.30562995E+19 1.08309002E+20 3.52454001E+20
 0.00000000E+00 1.35452001E+05 2.64122991E+05 6.35398028E+05 1.22879006E+06
 2.36505002E+06 5.56970015E+06 1.05552003E+07 1.98109006E+07 4.46277019E+07
 8.07392970E+07 1.12846000E+08 1.69134997E+08 2.39882004E+08 3.16318013E+08
 4.26555984E+08 5.07600009E+08 5.39075993E+08 3.60063016E+08-1.70978997E+08
-1.88840002E+09-3.23608011E+09-4.62581038E+09-6.34741008E+09-6.93871021E+09
-8.49758983E+09-6.83871984E+09 5.68867981E+09 3.16162992E+10 6.97008991E+10
 1.19681997E+11 1.92357998E+11 2.46874008E+11 3.23250008E+11 3.41629982E+11
 4.19939003E+11 5.28866005E+11 7.85010986E+11 1.45966995E+12 1.58065994E+12
 2.36574997E+12 2.74075989E+12 2.96854004E+12 3.51726013E+12 4.76454987E+12
 4.91687988E+12 9.63327026E+12 1.61351001E+13 2.44736011E+13 3.46619971E+13
 6.06687988E+13 9.42216016E+13 1.35300986E+14 1.83885996E+14 2.39945996E+14
 3.03440000E+14 7.29978047E+14 1.33306000E+15 2.10598000E+15 3.04298000E+15
 5.38944000E+15 1.18648000E+16 2.05606000E+16 3.13366000E+16 6.67222000E+16
 1.70196000E+17 3.97660000E+17 8.20054000E+17 2.02228000E+18 6.79012928E+18
 3.30562995E+19 1.08309002E+20 3.52454001E+20 0.00000000E+00 2.36610995E+05
 4.61388008E+05 1.11121000E+06 2.15327003E+06 4.15871007E+06 9.86899948E+06
 1.88767002E+07 3.59112001E+07 8.31670035E+07 1.55400997E+08 2.22852994E+08
 3.48564982E+08 5.21657988E+08 7.32688010E+08 1.10877000E+09 1.51897997E+09
 2.20522985E+09 3.01010013E+09 3.80950004E+09 4.89001989E+09 5.45431972E+09
 6.14256024E+09 8.79889011E+09 1.25246000E+10 1.52170002E+10 2.59290004E+10
 4.99760008E+10 9.20798016E+10 1.51882000E+11 2.27238998E+11 3.24744987E+11
 3.89973984E+11 4.75209007E+11 4.95130005E+11 5.79322014E+11 6.95048065E+11
 9.63341980E+11 1.65863998E+12 1.78248993E+12 2.58285004E+12 2.96386993E+12
 3.19505005E+12 3.75139008E+12 5.01355011E+12 5.16752014E+12 9.92442993E+12
 1.64666003E+13 2.48452002E+13 3.50737012E+13 6.11602002E+13 9.47916016E+13
 1.35949004E+14 1.84609004E+14 2.40743008E+14 3.04309004E+14 7.31182969E+14
 1.33456000E+15 2.10773000E+15 3.04493000E+15 5.39171000E+15 1.18674000E+16
 2.05633000E+16 3.13391025E+16 6.67243000E+16 1.70198000E+17 3.97661000E+17
 8.20054000E+17 2.02228000E+18 6.79012928E+18 3.30562995E+19 1.08309002E+20
 3.52454001E+20 0.00000000E+00 3.54231015E+05 6.90251982E+05 1.66137994E+06
 3.21900996E+06 6.21947984E+06 1.47835002E+07 2.83466000E+07 5.41460002E+07
 1.26524996E+08 2.38975994E+08 3.45626995E+08 5.48120998E+08 8.34122971E+08
 1.19338997E+09 1.86190993E+09 2.63422996E+09 4.04175013E+09 5.93411982E+09
 8.21031988E+09 1.23912001E+10 1.50200999E+10 1.78738999E+10 2.50823998E+10
 3.34663010E+10 4.08095980E+10 6.10617018E+10 9.62061024E+10 1.52861004E+11
 2.31881008E+11 3.30214996E+11 4.51184998E+11 5.26963005E+11 6.21240005E+11
 6.42771988E+11 7.33161011E+11 8.56129990E+11 1.13750999E+12 1.85524994E+12
 1.98220993E+12 2.79912994E+12 3.18665009E+12 3.42148987E+12 3.98596008E+12
 5.26398010E+12 5.41969971E+12 1.02194000E+13 1.68035999E+13 2.52241992E+13
 3.54945996E+13 6.16645020E+13 9.53786035E+13 1.36617998E+14 1.85359004E+14
 2.41573008E+14 3.05219004E+14 7.32475000E+14 1.33621000E+15 2.10971016E+15
 3.04720969E+15 5.39452000E+15 1.18710000E+16 2.05673000E+16 3.13434000E+16
 6.67286000E+16 1.70201000E+17 3.97663000E+17 8.20056000E+17 2.02228000E+18
 6.79012928E+18 3.30562995E+19 1.08309002E+20 3.52454001E+20 0.00000000E+00
 6.32476003E+05 1.23096994E+06 2.95851001E+06 5.72688004E+06 1.10567000E+07
 2.62735994E+07 5.04066003E+07 9.64459963E+07 2.26476006E+08 4.30643000E+08
 6.26344010E+08 1.00263000E+09 1.54333994E+09 2.23610997E+09 3.56103987E+09
 5.14460981E+09 8.16588998E+09 1.24879003E+10 1.80551004E+10 2.90761995E+10
 3.61822009E+10 4.36713982E+10 6.05571985E+10 7.89769983E+10 9.65250015E+10
 1.37644997E+11 1.95590992E+11 2.79794006E+11 3.93566017E+11 5.33448982E+11
 6.98150024E+11 7.94316025E+11 9.06657028E+11 9.31483002E+11 1.03463997E+12
 1.17271004E+12 1.48178986E+12 2.24779007E+12 2.38145004E+12 3.23414001E+12
 3.63572998E+12 3.87841003E+12 4.46031006E+12 5.77218994E+12 5.93164001E+12
 1.08216003E+13 1.74941003E+13 2.60019995E+13 3.63591992E+13 6.27018018E+13
 9.65875977E+13 1.37997002E+14 1.86908008E+14 2.43290996E+14 3.07104004E+14
 7.35178984E+14 1.33970000E+15 2.11395000E+15 3.05218000E+15 5.40084000E+15
 1.18796000E+16 2.05778000E+16 3.13554000E+16 6.67427000E+16 1.70216000E+17
 3.97676000E+17 8.20066000E+17 2.02228000E+18 6.79014016E+18 3.30562995E+19
 1.08309002E+20 3.52454001E+20 0.00000000E+00 9.60558973E+05 1.86831996E+06
 4.48634004E+06 8.67804978E+06 1.67430995E+07 3.97486985E+07 7.62167992E+07
 1.45787001E+08 3.42491008E+08 6.52152970E+08 9.49869975E+08 1.52457997E+09
 2.35504985E+09 3.42602998E+09 5.49292028E+09 7.99079001E+09 1.28249991E+10
 1.98663998E+10 2.90985990E+10 4.76616001E+10 5.96466017E+10 7.21444988E+10
 9.94077969E+10 1.28603001E+11 1.57219000E+11 2.21166000E+11 3.03444996E+11
 4.15273018E+11 5.61994019E+11 7.40429993E+11 9.46242981E+11 1.06210999E+12
 1.19238998E+12 1.22056000E+12 1.33673996E+12 1.49037003E+12 1.82845001E+12
 2.64584015E+12 2.78667999E+12 3.67778992E+12 4.09446014E+12 4.34558014E+12
 4.94614014E+12 6.29419006E+12 6.45758972E+12 1.14431995E+13 1.82080005E+13
 2.68067993E+13 3.72539990E+13 6.37750000E+13 9.78378027E+13 1.39422998E+14
 1.88509004E+14 2.45065000E+14 3.09050996E+14 7.37977969E+14 1.34333000E+15
 2.11840000E+15 3.05742000E+15 5.40762000E+15 1.18892000E+16 2.05900000E+16
 3.13697000E+16 6.67615000E+16 1.70239000E+17 3.97700000E+17 8.20088000E+17
 2.02230000E+18 6.79014976E+18 3.30562995E+19 1.08309002E+20 3.52454001E+20
 0.00000000E+00 1.33191003E+06 2.58996995E+06 6.21674000E+06 1.20210997E+07
 2.31825002E+07 5.49987983E+07 1.05397999E+08 2.01491993E+08 4.73114997E+08
 9.00882035E+08 1.31249994E+09 2.10815996E+09 3.26036006E+09 4.75019008E+09
 7.63643026E+09 1.11409998E+10 1.79651999E+10 2.79795003E+10 4.12002993E+10
 6.79125977E+10 8.51292992E+10 1.02971001E+11 1.41244011E+11 1.81835995E+11
 2.22171993E+11 3.10426998E+11 4.18484993E+11 5.58783989E+11 7.38236008E+11
 9.54136963E+11 1.19986008E+12 1.33513000E+12 1.48341003E+12 1.51496994E+12
 1.64445007E+12 1.81406998E+12 2.18225998E+12 3.05364990E+12 3.20205994E+12
 4.13385010E+12 4.56648987E+12 4.82653992E+12 5.44684998E+12 6.83307983E+12
 7.00065979E+12 1.20865002E+13 1.89473999E+13 2.76403003E+13 3.81803003E+13
 6.48845996E+13 9.91284961E+13 1.40892998E+14 1.90158008E+14 2.46890996E+14
 3.11054004E+14 7.40851016E+14 1.34706000E+15 2.12297000E+15 3.06283000E+15
 5.41464000E+15 1.18993000E+16 2.06029000E+16 3.13854000E+16 6.67828950E+16
 1.70269000E+17 3.97735000E+17 8.20123040E+17 2.02232992E+18 6.79016000E+18
 3.30562995E+19 1.08309002E+20 3.52454001E+20 0.00000000E+00 1.74165994E+06
 3.38663987E+06 8.12841987E+06 1.57158996E+07 3.03021003E+07 7.18624005E+07
 1.37660000E+08 2.63039991E+08 6.17211983E+08 1.17478997E+09 1.71133995E+09
 2.74888992E+09 4.25247997E+09 6.19883001E+09 9.97584999E+09 1.45720994E+10
 2.35479999E+10 3.67656994E+10 5.42677021E+10 8.96749973E+10 1.12444000E+11
 1.35934992E+11 1.85795002E+11 2.38334007E+11 2.90955009E+11 4.04701004E+11
 5.39744987E+11 7.09456024E+11 9.21986008E+11 1.17503998E+12 1.46033005E+12
 1.61500000E+12 1.78149002E+12 1.81651001E+12 1.95960007E+12 2.14567993E+12
 2.54511002E+12 3.47312988E+12 3.62950989E+12 4.60419006E+12 5.05367004E+12
 5.32312012E+12 5.96424011E+12 7.39059998E+12 7.56257019E+12 1.27532996E+13
 1.97141003E+13 2.85039990E+13 3.91393994E+13 6.60314990E+13 1.00460000E+14
 1.42407998E+14 1.91854004E+14 2.48768008E+14 3.13110000E+14 7.43792031E+14
 1.35087000E+15 2.12764000E+15 3.06834000E+15 5.42182000E+15 1.19097000E+16
 2.06164000E+16 3.14018000E+16 6.68059000E+16 1.70302000E+17 3.97778000E+17
 8.20171040E+17 2.02238000E+18 6.79019008E+18 3.30562995E+19 1.08309002E+20
 3.52454001E+20 0.00000000E+00 2.66148010E+06 5.17698994E+06 1.24304998E+07
 2.40388000E+07 4.63568000E+07 1.09925000E+08 2.10500006E+08 4.01996002E+08
 9.42244008E+08 1.79174006E+09 2.60867000E+09 4.18779999E+09 6.47616029E+09
 9.43938076E+09 1.51949000E+10 2.22080994E+10 3.59295988E+10 5.61807013E+10
 8.30358982E+10 1.37313004E+11 1.72054005E+11 2.07675991E+11 2.82285995E+11
 3.60223007E+11 4.38863983E+11 6.06537018E+11 7.98495026E+11 1.02952003E+12
 1.30970993E+12 1.63753998E+12 2.00207993E+12 2.19593002E+12 2.39972015E+12
 2.44190002E+12 2.61329987E+12 2.83393005E+12 3.29938995E+12 4.34868042E+12
 4.52221985E+12 5.58952026E+12 6.07536987E+12 6.36515015E+12 7.05117981E+12
 8.56398926E+12 8.74536987E+12 1.41600000E+13 2.13315991E+13 3.03251001E+13
 4.11595996E+13 6.84408008E+13 1.03250996E+14 1.45575000E+14 1.95393008E+14
 2.52675996E+14 3.17384004E+14 7.49870000E+14 1.35872000E+15 2.13724000E+15
 3.07967000E+15 5.43656000E+15 1.19311000E+16 2.06443000E+16 3.14358000E+16
 6.68546000E+16 1.70376000E+17 3.97881000E+17 8.20296960E+17 2.02251008E+18
 6.79030976E+18 3.30563994E+19 1.08309002E+20 3.52454001E+20 0.00000000E+00
 3.69634014E+06 7.19419972E+06 1.72874995E+07 3.34498007E+07 6.45356998E+07
 1.53104998E+08 2.93230005E+08 5.59924990E+08 1.31166995E+09 2.49240994E+09
 3.62690985E+09 5.81834018E+09 8.99174988E+09 1.30988002E+10 2.10730004E+10
 3.07874990E+10 4.97922993E+10 7.78348017E+10 1.14996996E+11 1.89925003E+11
 2.37686005E+11 2.86443005E+11 3.87714996E+11 4.92857018E+11 5.99253006E+11
 8.24207993E+11 1.07629997E+12 1.37147995E+12 1.72136002E+12 2.12509995E+12
 2.56972992E+12 2.80355988E+12 3.04597992E+12 3.09566010E+12 3.29671997E+12
 3.55371002E+12 4.08957001E+12 5.27030029E+12 5.46258972E+12 6.63168030E+12
 7.15763977E+12 7.46987000E+12 8.20544006E+12 9.81347961E+12 1.00052002E+13
 1.56643994E+13 2.30633008E+13 3.22737988E+13 4.33185986E+13 7.10077002E+13
 1.06215000E+14 1.48927998E+14 1.99130000E+14 2.56791992E+14 3.21876992E+14
 7.56208984E+14 1.36687000E+15 2.14717016E+15 3.09137000E+15 5.45175000E+15
 1.19530988E+16 2.06730000E+16 3.14711000E+16 6.69055050E+16 1.70456000E+17
 3.97995960E+17 8.20448000E+17 2.02271008E+18 6.79049984E+18 3.30564992E+19
 1.08309002E+20 3.52454001E+20 0.00000000E+00 7.33735971E+06 1.43118005E+07
 3.44933011E+07 6.68954011E+07 1.29351001E+08 3.07713002E+08 5.90322018E+08
 1.12853996E+09 2.64486998E+09 5.02260029E+09 7.30324984E+09 1.17000997E+10
 1.80525994E+10 2.62561035E+10 4.21433020E+10 6.14476013E+10 9.91024971E+10
 1.54459991E+11 2.27490997E+11 3.73576012E+11 4.65815010E+11 5.59197998E+11
 7.50382996E+11 9.46513977E+11 1.14514999E+12 1.55886002E+12 2.00695007E+12
 2.50828995E+12 3.07802002E+12 3.71707001E+12 4.40855011E+12 4.76654999E+12
 5.13056030E+12 5.20411011E+12 5.50018982E+12 5.87479980E+12 6.64135010E+12
 8.26380005E+12 8.52013977E+12 1.00415002E+13 1.07075000E+13 1.10985999E+13
 1.20084998E+13 1.39538000E+13 1.41821997E+13 2.07080005E+13 2.89026001E+13
 3.88598999E+13 5.06168994E+13 7.96599023E+13 1.16160000E+14 1.60127998E+14
 2.11555996E+14 2.70424004E+14 3.36698008E+14 7.76815000E+14 1.39309000E+15
 2.17891000E+15 3.12856000E+15 5.49969000E+15 1.20222000E+16 2.07627988E+16
 3.15813000E+16 6.70657000E+16 1.70711000E+17 3.98382000E+17 8.20984000E+17
 2.02347008E+18 6.79152000E+18 3.30574003E+19 1.08309002E+20 3.52454984E+20
 0.00000000E+00 1.01074995E+07 1.97438011E+07 4.76814993E+07 9.26209986E+07
 1.79388002E+08 4.27660011E+08 8.21693987E+08 1.57291993E+09 3.69093001E+09
 7.01200008E+09 1.01960003E+10 1.63299000E+10 2.51827002E+10 3.66012001E+10
 5.86813021E+10 8.54646015E+10 1.37598000E+11 2.14037991E+11 3.14582005E+11
 5.14807014E+11 6.40643997E+11 7.67577972E+11 1.02596001E+12 1.28960999E+12
 1.55628006E+12 2.10807007E+12 2.69806000E+12 3.34673004E+12 4.07115997E+12
 4.87330994E+12 5.73460083E+12 6.17833008E+12 6.62708984E+12 6.71737976E+12
 7.08033997E+12 7.53825012E+12 8.46992981E+12 1.04147998E+13 1.07184998E+13
 1.25031995E+13 1.32754004E+13 1.37265002E+13 1.47698999E+13 1.69754004E+13
 1.72321997E+13 2.44375000E+13 3.32597998E+13 4.38031006E+13 5.61131006E+13
 8.61884961E+13 1.23652998E+14 1.68540000E+14 2.20856992E+14 2.80590000E+14
 3.47711016E+14 7.91900000E+14 1.41208000E+15 2.20172000E+15 3.15512000E+15
 5.53363000E+15 1.20706000E+16 2.08253000E+16 3.16579000E+16 6.71766000E+16
 1.70888000E+17 3.98655000E+17 8.21376000E+17 2.02406992E+18 6.79246016E+18
 3.30585011E+19 1.08309996E+20 3.52454984E+20 0.00000000E+00 1.78510998E+07
 3.49839008E+07 8.48758034E+07 1.65481996E+08 3.21744010E+08 7.71076977E+08
 1.48737997E+09 2.85791010E+09 6.73469007E+09 1.28242004E+10 1.86640000E+10
 2.99085999E+10 4.61173010E+10 6.69883013E+10 1.07243996E+11 1.55920010E+11
 2.50287991E+11 3.87923012E+11 5.67890015E+11 9.23279037E+11 1.14478996E+12
 1.36688004E+12 1.81475998E+12 2.26764999E+12 2.72389008E+12 3.65757996E+12
 4.63588013E+12 5.68300964E+12 6.82007996E+12 8.05137024E+12 9.35562012E+12
 1.00228003E+13 1.06935999E+13 1.08280005E+13 1.13672986E+13 1.20453003E+13
 1.34157996E+13 1.62285999E+13 1.66610999E+13 1.91682996E+13 2.02342004E+13
 2.08520996E+13 2.22682007E+13 2.52081006E+13 2.55456006E+13 3.47086011E+13
 4.53802979E+13 5.76716992E+13 7.16389990E+13 1.04799004E+14 1.45107002E+14
 1.92656992E+14 2.47503008E+14 3.09665996E+14 3.79138984E+14 8.34365000E+14
 1.46493000E+15 2.26458000E+15 3.22777000E+15 5.62542000E+15 1.21996000E+16
 2.09907000E+16 3.18591000E+16 6.74661000E+16 1.71350000E+17 3.99366000E+17
 8.22407040E+17 2.02568992E+18 6.79528000E+18 3.30629990E+19 1.08315003E+20
 3.52458015E+20 0.00000000E+00 2.63729994E+07 5.18260011E+07 1.26224998E+08
 2.46875007E+08 4.81594987E+08 1.15956999E+09 2.24496007E+09 4.32945013E+09
 1.02493000E+10 1.95753002E+10 2.85304999E+10 4.57845020E+10 7.06569004E+10
 1.02665997E+11 1.64330997E+11 2.38764992E+11 3.82695999E+11 5.91873016E+11
 8.64272003E+11 1.39908981E+12 1.73061005E+12 2.06167999E+12 2.72554993E+12
 3.39287994E+12 4.06281006E+12 5.42387024E+12 6.83247009E+12 8.31643982E+12
 9.90026978E+12 1.15903003E+13 1.33635999E+13 1.42670996E+13 1.51731006E+13
 1.53543005E+13 1.60808997E+13 1.69931995E+13 1.88318994E+13 2.25766992E+13
 2.31483008E+13 2.64406006E+13 2.78276001E+13 2.86285010E+13 3.04547998E+13
 3.42086011E+13 3.46360010E+13 4.60102979E+13 5.88183984E+13 7.31685010E+13
 8.91162988E+13 1.26012002E+14 1.69783008E+14 2.20565996E+14 2.78454004E+14
 3.43501016E+14 4.15731016E+14 8.83491016E+14 1.52543000E+15 2.33587000E+15
 3.30948000E+15 5.72729000E+15 1.23401988E+16 2.11690000E+16 3.20743000E+16
 6.77718000E+16 1.71832000E+17 4.00107000E+17 8.23483040E+17 2.02740992E+18
 6.79843968E+18 3.30690995E+19 1.08321997E+20 3.52465019E+20 0.00000000E+00
 3.53734009E+07 6.96713012E+07 1.70239005E+08 3.33842002E+08 6.53121024E+08
 1.57894000E+09 3.06688011E+09 5.93434989E+09 1.41106999E+10 2.70337009E+10
 3.94653010E+10 6.34441996E+10 9.80360985E+10 1.42561998E+11 2.28307991E+11
 3.31721001E+11 5.31371002E+11 8.20837021E+11 1.19671997E+12 1.93166000E+12
 2.38546005E+12 2.83738007E+12 3.74000000E+12 4.64345001E+12 5.54788025E+12
 7.37570984E+12 9.25137024E+12 1.12062000E+13 1.32677002E+13 1.54443994E+13
 1.77119995E+13 1.88638000E+13 2.00173999E+13 2.02479004E+13 2.11718994E+13
 2.23310010E+13 2.46629004E+13 2.93919995E+13 3.01108008E+13 3.42347998E+13
 3.59630005E+13 3.69584009E+13 3.92215991E+13 4.38452979E+13 4.43689990E+13
 5.81264990E+13 7.32672021E+13 8.98941016E+13 1.08057998E+14 1.49197998E+14
 1.96963008E+14 2.51506992E+14 3.12946992E+14 3.81361016E+14 4.56796016E+14
 9.38867969E+14 1.59338000E+15 2.41549000E+15 3.40024000E+15 5.83932000E+15
 1.24927000E+16 2.13603000E+16 3.23036000E+16 6.80937000E+16 1.72335000E+17
 4.00873000E+17 8.24592000E+17 2.02918000E+18 6.80177024E+18 3.30760986E+19
 1.08333005E+20 3.52475996E+20 0.00000000E+00 4.46743006E+07 8.81582033E+07
 2.16003004E+08 4.24547009E+08 8.32585990E+08 2.01992005E+09 3.93467993E+09
 7.63643980E+09 1.82321000E+10 3.50351000E+10 5.12305021E+10 8.25137043E+10
 1.27693005E+11 1.85881004E+11 2.97957993E+11 4.33084984E+11 6.93740005E+11
 1.07105003E+12 1.56001999E+12 2.51320999E+12 3.10002014E+12 3.68321991E+12
 4.84466003E+12 6.00338989E+12 7.16077026E+12 9.49041016E+12 1.18658997E+13
 1.43221997E+13 1.68898999E+13 1.95791992E+13 2.23652002E+13 2.37768994E+13
 2.51894971E+13 2.54716992E+13 2.66022998E+13 2.80196997E+13 3.08677002E+13
 3.66267993E+13 3.74996997E+13 4.24952979E+13 4.45814990E+13 4.57812988E+13
 4.85035010E+13 5.40414990E+13 5.46664990E+13 7.09400000E+13 8.85599023E+13
 1.07624004E+14 1.28179004E+14 1.73949004E+14 2.26134004E+14 2.84885000E+14
 3.50328984E+14 4.22558984E+14 5.01640000E+14 9.99910000E+14 1.66840000E+15
 2.50322000E+15 3.49990000E+15 5.96150000E+15 1.26570000E+16 2.15647000E+16
 3.25471000E+16 6.84319000E+16 1.72856000E+17 4.01662000E+17 8.25730000E+17
 2.03100000E+18 6.80520000E+18 3.30836992E+19 1.08344996E+20 3.52490988E+20
 0.00000000E+00 6.37747021E+07 1.26226004E+08 3.10616009E+08 6.12704009E+08
 1.20632000E+09 2.94328988E+09 5.76053977E+09 1.12372005E+10 2.70201993E+10
 5.22069979E+10 7.65805006E+10 1.23806000E+11 1.92198009E+11 2.80449009E+11
 4.50649986E+11 6.55950012E+11 1.05177994E+12 1.62391998E+12 2.36352997E+12
 3.79964996E+12 4.68033997E+12 5.55310974E+12 7.28423035E+12 9.00357971E+12
 1.07151001E+13 1.41403003E+13 1.76022998E+13 2.11432007E+13 2.47995972E+13
 2.85853003E+13 3.24745996E+13 3.44385010E+13 3.64014990E+13 3.67934009E+13
 3.83629004E+13 4.03284009E+13 4.42714014E+13 5.22137012E+13 5.34133008E+13
 6.02560986E+13 6.31008008E+13 6.47335986E+13 6.84285986E+13 7.59070996E+13
 7.67472998E+13 9.83729980E+13 1.21290000E+14 1.45589004E+14 1.71313008E+14
 2.27196992E+14 2.89168008E+14 3.57361016E+14 4.31896992E+14 5.12876992E+14
 6.00380000E+14 1.13648000E+15 1.83745000E+15 2.70128000E+15 3.72472000E+15
 6.23567000E+15 1.30212000E+16 2.20134000E+16 3.30771000E+16 6.91577000E+16
 1.73957000E+17 4.03308000E+17 8.28087040E+17 2.03475008E+18 6.81228992E+18
 3.30997990E+19 1.08371999E+20 3.52531988E+20 0.00000000E+00 8.31859000E+07
 1.65002998E+08 4.07330990E+08 8.05637017E+08 1.59082994E+09 3.89844000E+09
 7.65815973E+09 1.49991000E+10 3.62765002E+10 7.04205990E+10 1.03583002E+11
 1.68043003E+11 2.61667995E+11 3.82753983E+11 6.16734009E+11 8.99328003E+11
 1.44449997E+12 2.23229996E+12 3.24968994E+12 5.22080994E+12 6.42671021E+12
 7.61968018E+12 9.97984985E+12 1.23169995E+13 1.46380005E+13 1.92648999E+13
 2.39139990E+13 2.86350000E+13 3.34703003E+13 3.84376001E+13 4.35106982E+13
 4.60658984E+13 4.86181006E+13 4.91275000E+13 5.11666016E+13 5.37185010E+13
 5.88318018E+13 6.91045020E+13 7.06525977E+13 7.94649023E+13 8.31183984E+13
 8.52125977E+13 8.99445020E+13 9.94913965E+13 1.00560996E+14 1.27892998E+14
 1.56465996E+14 1.86375996E+14 2.17658008E+14 2.84495996E+14 3.57181016E+14
 4.35826016E+14 5.20539023E+14 6.11413984E+14 7.08527969E+14 1.28870000E+15
 2.02807000E+15 2.92608000E+15 3.98063000E+15 6.54770000E+15 1.34323000E+16
 2.25149000E+16 3.36646000E+16 6.99498000E+16 1.75137000E+17 4.05047000E+17
 8.30550000E+17 2.03862000E+18 6.81958976E+18 3.31166003E+19 1.08402995E+20
 3.52581018E+20 0.00000000E+00 1.42895002E+08 2.82204002E+08 7.00573027E+08
 1.39228001E+09 2.76410013E+09 6.82878017E+09 1.35091996E+10 2.66687012E+10
 6.52690983E+10 1.27974997E+11 1.89414005E+11 3.09775009E+11 4.86012993E+11
 7.15503998E+11 1.16189003E+12 1.70399002E+12 2.75428009E+12 4.27625000E+12
 6.24315002E+12 1.00489001E+13 1.23710999E+13 1.46632996E+13 1.91818994E+13
 2.36365991E+13 2.80439990E+13 3.67746997E+13 4.54631006E+13 5.41825977E+13
 6.29933984E+13 7.19243018E+13 8.09512988E+13 8.54766992E+13 8.99912988E+13
 9.08921973E+13 9.44949023E+13 9.89971973E+13 1.07997998E+14 1.25999004E+14
 1.28700996E+14 1.44030000E+14 1.50357002E+14 1.53977002E+14 1.62134014E+14
 1.78505996E+14 1.80331973E+14 2.26471992E+14 2.73679004E+14 3.22075000E+14
 3.71708984E+14 4.74858008E+14 5.83330000E+14 6.97218984E+14 8.16607031E+14
 9.41571016E+14 1.07217000E+15 1.81056000E+15 2.69344000E+15 3.72199000E+15
 4.89622000E+15 7.67752000E+15 1.49261000E+16 2.43257000E+16 3.57673000E+16
 7.27265000E+16 1.79156000E+17 4.10820040E+17 8.38575040E+17 2.05102000E+18
 6.84254976E+18 3.31697997E+19 1.08501996E+20 3.52758006E+20 0.00000000E+00
 1.80636998E+08 3.60127017E+08 8.95807967E+08 1.79477006E+09 3.54755998E+09
 8.79133999E+09 1.74389005E+10 3.45338988E+10 8.49312019E+10 1.67243004E+11
 2.48216991E+11 4.07467003E+11 6.41630020E+11 9.47703934E+11 1.54544998E+12
 2.27404999E+12 3.69049011E+12 5.74908020E+12 8.41458984E+12 1.35776001E+13
 1.67284998E+13 1.98378015E+13 2.59628003E+13 3.19946997E+13 3.79562988E+13
 4.97422998E+13 6.14335986E+13 7.31193994E+13 8.48713965E+13 9.67262012E+13
 1.08662002E+14 1.14634014E+14 1.20590000E+14 1.21777998E+14 1.26529004E+14
 1.32462998E+14 1.44314004E+14 1.67970996E+14 1.71518008E+14 1.91610000E+14
 1.99889004E+14 2.04621992E+14 2.15278008E+14 2.36626992E+14 2.39004980E+14
 2.98830996E+14 3.59578008E+14 4.21391016E+14 4.84341016E+14 6.13851992E+14
 7.48367969E+14 8.88006016E+14 1.03284992E+15 1.18298000E+15 1.33846000E+15
 2.19678000E+15 3.19203000E+15 4.32563000E+15 5.59807000E+15 8.55797000E+15
 1.61101000E+16 2.57667000E+16 3.74377000E+16 7.49060000E+16 1.82234980E+17
 4.15139000E+17 8.44462000E+17 2.05991008E+18 6.85865984E+18 3.32066995E+19
 1.08572006E+20 3.52886989E+20 0.00000000E+00 2.77235005E+08 5.53636998E+08
 1.38071001E+09 2.75505990E+09 5.49465954E+09 1.36723995E+10 2.72219992E+10
 5.41410017E+10 1.34074001E+11 2.65680008E+11 3.95961990E+11 6.53766022E+11
 1.03553001E+12 1.53785995E+12 2.52630997E+12 3.74003998E+12 6.11734985E+12
 9.59770020E+12 1.41298999E+13 2.29510010E+13 2.83484009E+13 3.36793994E+13
 4.41864990E+13 5.45330957E+13 6.47541992E+13 8.49283008E+13 1.04871992E+14
 1.24710000E+14 1.44537998E+14 1.64410000E+14 1.84311992E+14 1.94248008E+14
 2.04150000E+14 2.06125000E+14 2.14018008E+14 2.23869004E+14 2.43519004E+14
 2.82648008E+14 2.88501992E+14 3.21606992E+14 3.35216992E+14 3.42988984E+14
 3.60466992E+14 3.95391992E+14 3.99273008E+14 4.96395000E+14 5.93966992E+14
 6.92227969E+14 7.91312969E+14 9.92317969E+14 1.19745000E+15 1.40695000E+15
 1.62095984E+15 1.83962000E+15 2.06301000E+15 3.25212000E+15 4.56385000E+15
 5.99988000E+15 7.56109000E+15 1.10600000E+16 1.95584000E+16 3.00269000E+16
 4.24150000E+16 8.14214000E+16 1.91315000E+17 4.27594000E+17 8.61080080E+17
 2.08438000E+18 6.90176000E+18 3.33029965E+19 1.08752998E+20 3.53229005E+20
 0.00000000E+00 4.74199988E+08 9.48747993E+08 2.35267997E+09 4.74684000E+09
 9.49481010E+09 2.37346005E+10 4.65889978E+10 9.29607964E+10 2.31429996E+11
 4.60889015E+11 6.89225006E+11 1.14348999E+12 1.82044006E+12 2.71684998E+12
 4.49411011E+12 6.69395996E+12 1.10414001E+13 1.74684998E+13 2.59115991E+13
 4.24945020E+13 5.27054004E+13 6.28237988E+13 8.28345996E+13 1.02600986E+14
 1.22167998E+14 1.60844004E+14 1.99080000E+14 2.37040977E+14 2.74855996E+14
 3.12603008E+14 3.50275000E+14 3.69053008E+14 3.87768984E+14 3.91503008E+14
 4.06421992E+14 4.25031992E+14 4.62128984E+14 5.35887031E+14 5.46908008E+14
 6.09165000E+14 6.34720000E+14 6.49301992E+14 6.82067031E+14 7.47421016E+14
 7.54672969E+14 9.35380078E+14 1.11545000E+15 1.29532000E+15 1.47526000E+15
 1.83609000E+15 2.19897000E+15 2.56449000E+15 2.93302000E+15 3.30489000E+15
 3.68025969E+15 5.61393000E+15 7.64807000E+15 9.78664000E+15 1.20316000E+16
 1.68440000E+16 2.77684000E+16 4.04247000E+16 5.47994000E+16 9.81011000E+16
 2.14838000E+17 4.59388000E+17 9.02450000E+17 2.14306000E+18 7.00008000E+18
 3.35120998E+19 1.09138995E+20 3.53954980E+20 0.00000000E+00 7.58590996E+08
 1.51786000E+09 3.77350003E+09 7.59680986E+09 1.51990998E+10 3.80111003E+10
 7.60308981E+10 1.50661001E+11 3.76032982E+11 7.50688019E+11 1.12448997E+12
 1.87018005E+12 2.98511993E+12 4.46657990E+12 7.41627014E+12 1.10844995E+13
 1.83742004E+13 2.92220996E+13 4.35654980E+13 7.19502002E+13 8.95323047E+13
 1.07014004E+14 1.41729004E+14 1.76164004E+14 2.10363008E+14 2.78196992E+14
 3.45456992E+14 4.12325000E+14 4.78945000E+14 5.45406016E+14 6.11703008E+14
 6.44756016E+14 6.77716016E+14 6.84296016E+14 7.10587109E+14 7.43386016E+14
 8.08793047E+14 9.38900000E+14 9.58342969E+14 1.06818000E+15 1.11326000E+15
 1.13899000E+15 1.19678000E+15 1.31201000E+15 1.32479000E+15 1.64288984E+15
 1.95895000E+15 2.27360000E+15 2.58727000E+15 3.21280000E+15 3.83728000E+15
 4.46172000E+15 5.08691000E+15 5.71338000E+15 6.34152000E+15 9.51617000E+15
 1.27609000E+16 1.60854000E+16 1.94947000E+16 2.65780000E+16 4.18362000E+16
 5.85743000E+16 7.67997000E+16 1.28842000E+17 2.60124000E+17 5.21910000E+17
 9.83564000E+17 2.25516000E+18 7.17840000E+18 3.38669005E+19 1.09770004E+20
 3.55117015E+20 0.00000000E+00 1.13759004E+09 2.27625996E+09 5.69432020E+09
 1.13942003E+10 2.27993011E+10 5.70311022E+10 1.14103003E+11 2.28262997E+11
 5.67737999E+11 1.13469009E+12 1.70104004E+12 2.83234009E+12 4.52653015E+12
 6.78138977E+12 1.12803003E+13 1.68882996E+13 2.80645996E+13 4.47537988E+13
 6.68997998E+13 1.10919014E+14 1.38284004E+14 1.65555996E+14 2.19860996E+14
 2.73895000E+14 3.27695000E+14 4.34725000E+14 5.41163984E+14 6.47190000E+14
 7.52950000E+14 8.58530000E+14 9.63918984E+14 1.01650000E+15 1.06897000E+15
 1.07945000E+15 1.12133992E+15 1.17363000E+15 1.27796000E+15 1.48577000E+15
 1.51685000E+15 1.69254000E+15 1.76470000E+15 1.80588000E+15 1.89842000E+15
 2.08304000E+15 2.10353000E+15 2.61353000E+15 3.12038000E+15 3.62482000E+15
 4.12733000E+15 5.12796000E+15 6.12443000E+15 7.11816000E+15 8.11011000E+15
 9.10106000E+15 1.00916000E+16 1.50517000E+16 2.00457000E+16 2.50902000E+16
 3.01949000E+16 4.06052000E+16 6.23036000E+16 8.52370000E+16 1.09438000E+17
 1.75553000E+17 3.31787000E+17 6.24852000E+17 1.12051000E+18 2.44590000E+18
 7.47332992E+18 3.44180992E+19 1.10707999E+20 3.56788019E+20 0.00000000E+00
 1.89523995E+09 3.79225969E+09 9.48698997E+09 1.89840996E+10 3.79889035E+10
 9.50410080E+10 1.90181999E+11 3.80549011E+11 9.51874008E+11 1.89968002E+12
 2.84937988E+12 4.74811005E+12 7.59466980E+12 1.13875000E+13 1.89659985E+13
 2.84278003E+13 4.73218018E+13 7.56043018E+13 1.13229004E+14 1.88254004E+14
 2.35021992E+14 2.81710000E+14 3.74881992E+14 4.67816016E+14 5.60545000E+14
 7.45497969E+14 9.29927969E+14 1.11401000E+15 1.29788000E+15 1.48162000E+15
 1.66521000E+15 1.75690000E+15 1.84847000E+15 1.86677000E+15 1.93993000E+15
 2.03131000E+15 2.21381984E+15 2.57794000E+15 2.63247000E+15 2.94096000E+15
 3.06779000E+15 3.14020000E+15 3.30301000E+15 3.62811000E+15 3.66419000E+15
 4.56395000E+15 5.45992000E+15 6.35278000E+15 7.24299000E+15 9.01693000E+15
 1.07839000E+16 1.25454000E+16 1.43025000E+16 1.60560000E+16 1.78067000E+16
 2.65338000E+16 3.52452000E+16 4.39650000E+16 5.27071000E+16 7.02943000E+16
 1.06017000E+17 1.42608000E+17 1.80150000E+17 2.78410000E+17 4.94471000E+17
 8.67899040E+17 1.45668992E+18 2.93460992E+18 8.24251008E+18 3.57899008E+19
 1.12921999E+20 3.60549990E+20 0.00000000E+00 2.84188986E+09 5.68638980E+09
 1.42253006E+10 2.84659004E+10 5.69638014E+10 1.42519999E+11 2.85207996E+11
 5.70750008E+11 1.42791000E+12 2.85717987E+12 4.28678986E+12 7.13664978E+12
 1.14193005E+13 1.71284998E+13 2.85429004E+13 4.28039990E+13 7.13054980E+13
 1.14015000E+14 1.70894004E+14 2.84470996E+14 3.55355000E+14 4.26173008E+14
 5.67633047E+14 7.08892031E+14 8.49972031E+14 1.13170000E+15 1.41299000E+15
 1.69401000E+15 1.97489000E+15 2.25573000E+15 2.53646000E+15 2.67674000E+15
 2.81690000E+15 2.84492000E+15 2.95695000E+15 3.09694000E+15 3.37667000E+15
 3.93527031E+15 4.01897000E+15 4.49284000E+15 4.68775969E+15 4.79910000E+15
 5.04948000E+15 5.54971000E+15 5.60526000E+15 6.99163000E+15 8.37426000E+15
 9.75373000E+15 1.11305000E+16 1.38771000E+16 1.66160000E+16 1.93486000E+16
 2.20757000E+16 2.47983000E+16 2.75170000E+16 4.10670000E+16 5.45724000E+16
 6.80579000E+16 8.15389000E+16 1.08529000E+17 1.62787000E+17 2.17597000E+17
 2.73081000E+17 4.15135000E+17 7.14948000E+17 1.20593000E+18 1.93866000E+18
 3.66862016E+18 9.46556992E+18 3.79870003E+19 1.16327997E+20 3.66053990E+20
 0.00000000E+00 4.73448992E+09 9.47301924E+09 2.36973000E+10 4.74190998E+10
 9.48908043E+10 2.37413006E+11 4.75121994E+11 9.50851974E+11 2.37914993E+12
 4.76128998E+12 7.14443970E+12 1.19122986E+13 1.90664001E+13 2.86070972E+13
 4.76914014E+13 7.14960986E+13 1.19165996E+14 1.90651992E+14 2.85930000E+14
 4.76373008E+14 5.95328984E+14 7.14237969E+14 9.51928984E+14 1.18947000E+15
 1.42687000E+15 1.90134016E+15 2.37551000E+15 2.84950000E+15 3.32348000E+15
 3.79752031E+15 4.27156000E+15 4.50850000E+15 4.74534000E+15 4.79269000E+15
 4.98208000E+15 5.21875000E+15 5.69191000E+15 6.63747000E+15 6.77922000E+15
 7.58210000E+15 7.91252000E+15 8.10129000E+15 8.52591000E+15 9.37469000E+15
 9.46897000E+15 1.18239000E+16 1.41754000E+16 1.65242000E+16 1.88704000E+16
 2.35566000E+16 2.82355000E+16 3.29082000E+16 3.75756000E+16 4.22382000E+16
 4.68968000E+16 7.01394000E+16 9.33229000E+16 1.16468000E+17 1.39589000E+17
 1.85796000E+17 2.78230000E+17 3.70885000E+17 4.63895000E+17 6.98482000E+17
 1.17848000E+18 1.92928000E+18 2.99160000E+18 5.33124032E+18 1.24248998E+19
 4.37018010E+19 1.25165005E+20 3.79742986E+20 0.00000000E+00 1.13550997E+10
 2.27184987E+10 5.68270016E+10 1.13705997E+11 2.27525005E+11 5.69225998E+11
 1.13913002E+12 2.27972000E+12 5.70440002E+12 1.14168994E+13 1.71325000E+13
 2.85694995E+13 4.57335986E+13 6.86291016E+13 1.14440996E+14 1.71728008E+14
 2.86346992E+14 4.58333984E+14 6.87707031E+14 1.14630000E+15 1.43303000E+15
 1.72015000E+15 2.29378000E+15 2.86668000E+15 3.44010000E+15 4.58690000E+15
 5.73368000E+15 6.88261000E+15 8.02771000E+15 9.17515000E+15 1.03228000E+16
 1.08966000E+16 1.14703000E+16 1.15851000E+16 1.20440000E+16 1.26176000E+16
 1.37646000E+16 1.60583000E+16 1.64023000E+16 1.83513988E+16 1.91538000E+16
 1.96124000E+16 2.06439000E+16 2.27068000E+16 2.29359000E+16 2.86642000E+16
 3.43903000E+16 4.01145000E+16 4.58371000E+16 5.72781050E+16 6.87141050E+16
 8.01457000E+16 9.15736000E+16 1.02998000E+17 1.14419000E+17 1.71487000E+17
 2.28504000E+17 2.85485000E+17 3.42438000E+17 4.56286000E+17 6.83862000E+17
 9.11416000E+17 1.13904000E+18 1.70884992E+18 2.85340000E+18 4.58649024E+18
 6.93278976E+18 1.17598003E+19 2.46619008E+19 7.06642074E+19 1.70869002E+20
 4.52456980E+20 0.00000000E+00 1.89186001E+10 3.78496003E+10 9.46700001E+10
 1.89417992E+11 3.79011002E+11 9.48163986E+11 1.89738998E+12 3.79708008E+12
 9.50091980E+12 1.90151001E+13 2.85347998E+13 4.75839990E+13 7.61733984E+13
 1.14310996E+14 1.90625996E+14 2.86065996E+14 4.77041016E+14 7.63642031E+14
 1.14593000E+15 1.91081000E+15 2.38898000E+15 2.86721969E+15 3.82384000E+15
 4.78060000E+15 5.73745000E+15 7.65139938E+15 9.56564000E+15 1.14803000E+16
 1.33938000E+16 1.53091000E+16 1.72271000E+16 1.81852000E+16 1.91406000E+16
 1.93322000E+16 2.00985000E+16 2.10563000E+16 2.29718000E+16 2.68027000E+16
 2.73773000E+16 3.06333025E+16 3.19739000E+16 3.27400000E+16 3.44635975E+16
 3.79106000E+16 3.82936000E+16 4.78679000E+16 5.74411000E+16 6.70134000E+16
 7.65850000E+16 9.57259000E+16 1.14864000E+17 1.33999990E+17 1.53133000E+17
 1.72265000E+17 1.91395000E+17 2.87018000E+17 3.82608000E+17 4.78173000E+17
 5.73718000E+17 7.64767040E+17 1.14677000E+18 1.52874000E+18 1.91075008E+18
 2.86628000E+18 4.78072992E+18 7.66396992E+18 1.15342003E+19 1.93741005E+19
 3.96086989E+19 1.06066995E+20 2.36120003E+20 5.65929984E+20 0.00000000E+00
 3.78215003E+10 7.56639004E+10 1.89239006E+11 3.78613014E+11 7.57528000E+11
 1.89494003E+12 3.79178040E+12 7.58770020E+12 1.89843005E+13 3.79936011E+13
 5.70133008E+13 9.50725000E+13 1.52192998E+14 2.28390996E+14 3.80871992E+14
 5.71575000E+14 9.53192969E+14 1.52595000E+15 2.29001000E+15 3.81895000E+15
 4.77490000E+15 5.73105000E+15 7.64385000E+15 9.55712938E+15 1.14708000E+16
 1.52991000E+16 1.91284000E+16 2.29586000E+16 2.67900000E+16 3.06212000E+16
 3.44555000E+16 3.63722000E+16 3.82889000E+16 3.86723000E+16 4.02057000E+16
 4.21225000E+16 4.59563000E+16 5.36243000E+16 5.47746000E+16 6.12929000E+16
 6.39770000E+16 6.55108000E+16 6.89618000E+16 7.58642000E+16 7.66312000E+16
 9.58062000E+16 1.14983000E+17 1.34155000E+17 1.53333000E+17 1.91693000E+17
 2.30067000E+17 2.68420000E+17 3.06786000E+17 3.45154000E+17 3.83523000E+17
 5.75377000E+17 7.67242000E+17 9.59113920E+17 1.15099000E+18 1.53475008E+18
 2.30232000E+18 3.06996000E+18 3.83771008E+18 5.75761984E+18 9.60033024E+18
 1.53733005E+19 2.30893005E+19 3.85921997E+19 7.77985024E+19 1.99520993E+20
 4.16487014E+20 9.03288013E+20 0.00000000E+00 9.45106030E+10 1.89062996E+11
 4.72815018E+11 9.45901031E+11 1.89242004E+12 4.73334991E+12 9.47064026E+12
 1.89500000E+13 4.74072021E+13 9.48686035E+13 1.42354004E+14 2.37368008E+14
 3.79963008E+14 5.70181016E+14 9.50816016E+14 1.42686000E+15 2.37949000E+15
 3.80928000E+15 5.71669000E+15 9.53377000E+15 1.19205000E+16 1.43078000E+16
 1.90840000E+16 2.38616000E+16 2.86405000E+16 3.82011000E+16 4.77649000E+16
 5.73315000E+16 6.69005000E+16 7.64720000E+16 8.60453000E+16 9.08326000E+16
 9.56201000E+16 9.65776000E+16 1.00408000E+17 1.05196000E+17 1.14772000E+17
 1.33928000E+17 1.36801000E+17 1.53086000E+17 1.59793000E+17 1.63625000E+17
 1.72248000E+17 1.89495000E+17 1.91411000E+17 2.39328000E+17 2.87256000E+17
 3.35192000E+17 3.83136000E+17 4.79042000E+17 5.74967000E+17 6.70909000E+17
 7.66864960E+17 8.62832960E+17 9.58811040E+17 1.43880992E+18 1.91896000E+18
 2.39922000E+18 2.87956992E+18 3.84044992E+18 5.76288000E+18 7.68568000E+18
 9.60900992E+18 1.44188006E+19 2.40435968E+19 3.84913997E+19 5.77733018E+19
 9.63957965E+19 1.93284997E+20 4.86784000E+20 9.85374966E+20 2.01782002E+21
 0.00000000E+00 1.88967991E+11 3.78004990E+11 9.45277023E+11 1.89100998E+12
 3.78306000E+12 9.46156006E+12 1.89298987E+13 3.78748022E+13 9.47429004E+13
 1.89580996E+14 2.84460996E+14 4.74301992E+14 7.59196016E+14 1.13922000E+15
 1.89964000E+15 2.85064000E+15 4.75364000E+15 7.60978000E+15 1.14200000E+16
 1.90448000E+16 2.38124000E+16 2.85813000E+16 3.81220000E+16 4.76658000E+16
 5.72121000E+16 7.63109000E+16 9.54162000E+16 1.14527000E+17 1.33643000E+17
 1.52763000E+17 1.71887000E+17 1.81450000E+17 1.91013000E+17 1.92926000E+17
 2.00578000E+17 2.10142000E+17 2.29273000E+17 2.67542000E+17 2.73283000E+17
 3.05817000E+17 3.19215000E+17 3.26871000E+17 3.44099000E+17 3.78557000E+17
 3.82385000E+17 4.78123000E+17 5.73885000E+17 6.69668000E+17 7.65468000E+17
 9.57112960E+17 1.14881000E+18 1.34054000E+18 1.53231008E+18 1.72410992E+18
 1.91592992E+18 2.87536992E+18 3.83519008E+18 4.79529984E+18 5.75563008E+18
 7.67681024E+18 1.15207002E+19 1.53660006E+19 1.92126003E+19 2.88321997E+19
 4.80822067E+19 7.69756006E+19 1.15524997E+20 1.92694989E+20 3.85953997E+20
 9.68186020E+20 1.94609005E+21 3.92879997E+21 2.36861000E+11 2.36861000E+11
 2.35466995E+11 2.33192997E+11 2.31075001E+11 2.28539009E+11 2.24402008E+11
 2.20548000E+11 2.15933990E+11 2.08405991E+11 2.01392994E+11 1.96665001E+11
 1.89953995E+11 1.82940998E+11 1.76161995E+11 1.66539993E+11 1.57939997E+11
 1.45733995E+11 1.32981005E+11 1.20661001E+11 1.03186998E+11 9.48046017E+10
 8.75930977E+10 7.55180979E+10 6.55408001E+10 5.69809008E+10 4.27267981E+10
 3.10762000E+10 2.12633991E+10 1.29493999E+10 6.12369001E+09 1.17128998E+09
-3.29880007E+08-9.37717035E+08-9.30640996E+08-4.49872017E+08 1.14036001E+09
 7.44008005E+09 3.13156009E+10 3.60473990E+10 6.82992983E+10 8.40324974E+10
 9.36491966E+10 1.16561003E+11 1.67338009E+11 1.73453007E+11 3.57471008E+11
 5.81193008E+11 8.39763031E+11 1.12376999E+12 1.75688004E+12 2.45632004E+12
 3.20050995E+12 3.97989014E+12 4.78997986E+12 5.62771973E+12 1.00195001E+13
 1.46085999E+13 1.92807996E+13 2.39944995E+13 3.34154004E+13 5.20191016E+13
 7.01741016E+13 8.78799023E+13 1.30367998E+14 2.09501992E+14 3.18130996E+14
 4.50640000E+14 6.89298984E+14 1.20233000E+15 2.43793000E+15 4.09217000E+15
 6.79185000E+15 2.38029995E+11 2.38029995E+11 2.36634007E+11 2.34356003E+11
 2.32234993E+11 2.29694996E+11 2.25552006E+11 2.21693001E+11 2.17073002E+11
 2.09538002E+11 2.02518997E+11 1.97787991E+11 1.91070995E+11 1.84053001E+11
 1.77269993E+11 1.67640991E+11 1.59035997E+11 1.46821003E+11 1.34060001E+11
 1.21732998E+11 1.04252005E+11 9.58705044E+10 8.86618042E+10 7.65948009E+10
 6.66196012E+10 5.80462980E+10 4.36991978E+10 3.18782997E+10 2.18630004E+10
 1.33604002E+10 6.38791978E+09 1.33598000E+09-1.99788008E+08-8.34269971E+08
-8.31713006E+08-3.66766974E+08 1.20788001E+09 7.48614013E+09 3.13397002E+10
 3.60694003E+10 6.83136988E+10 8.40447044E+10 9.36604023E+10 1.16570997E+11
 1.67345009E+11 1.73458996E+11 3.57475014E+11 5.81194000E+11 8.39764023E+11
 1.12376999E+12 1.75688004E+12 2.45632004E+12 3.20050995E+12 3.97989014E+12
 4.78997986E+12 5.62771973E+12 1.00195001E+13 1.46085999E+13 1.92807996E+13
 2.39944995E+13 3.34154004E+13 5.20191016E+13 7.01741016E+13 8.78799023E+13
 1.30367998E+14 2.09501992E+14 3.18130996E+14 4.50640000E+14 6.89298984E+14
 1.20233000E+15 2.43793000E+15 4.09217000E+15 6.79185000E+15 2.39347000E+11
 2.39347000E+11 2.37940006E+11 2.35650005E+11 2.33519001E+11 2.30969009E+11
 2.26814995E+11 2.22947998E+11 2.18320007E+11 2.10774002E+11 2.03747997E+11
 1.99011993E+11 1.92290993E+11 1.85268002E+11 1.78481007E+11 1.68848000E+11
 1.60238991E+11 1.48020000E+11 1.35256004E+11 1.22925997E+11 1.05447998E+11
 9.70709991E+10 8.98703957E+10 7.78306007E+10 6.78981018E+10 5.93822002E+10
 4.51564980E+10 3.34032011E+10 2.33655000E+10 1.47534001E+10 7.60933995E+09
 2.36001998E+09 7.26965964E+08 7.04127015E+05-1.42207998E+07 3.83993015E+08
 1.88245997E+09 8.03144991E+09 3.17025995E+10 3.64109993E+10 6.85639000E+10
 8.42660046E+10 9.38675976E+10 1.16750002E+11 1.67481995E+11 1.73591995E+11
 3.57546005E+11 5.81239014E+11 8.39794006E+11 1.12378998E+12 1.75688995E+12
 2.45632004E+12 3.20052002E+12 3.97989990E+12 4.78997986E+12 5.62771973E+12
 1.00195001E+13 1.46085999E+13 1.92807996E+13 2.39944995E+13 3.34154004E+13
 5.20191016E+13 7.01741016E+13 8.78799023E+13 1.30367998E+14 2.09501992E+14
 3.18130996E+14 4.50640000E+14 6.89298984E+14 1.20233000E+15 2.43793000E+15
 4.09217000E+15 6.79185000E+15 2.42005997E+11 2.42005997E+11 2.40555000E+11
 2.38209991E+11 2.36042004E+11 2.33458004E+11 2.29262009E+11 2.25366001E+11
 2.20711994E+11 2.13136005E+11 2.06089993E+11 2.01343002E+11 1.94610004E+11
 1.87576008E+11 1.80781002E+11 1.71138992E+11 1.62523003E+11 1.50297003E+11
 1.37525997E+11 1.25192003E+11 1.07712002E+11 9.93385029E+10 9.21446037E+10
 8.01280022E+10 7.02344990E+10 6.17850018E+10 4.77577019E+10 3.62164998E+10
 2.63229990E+10 1.77575004E+10 1.05676997E+10 5.19976974E+09 3.48802000E+09
 2.67486006E+09 2.64189005E+09 2.96642989E+09 4.37065989E+09 1.03296995E+10
 3.36408997E+10 3.82996011E+10 7.01897001E+10 8.57952023E+10 9.53442955E+10
 1.18114996E+11 1.68652992E+11 1.74743004E+11 3.58319016E+11 5.81780014E+11
 8.40187988E+11 1.12408997E+12 1.75707001E+12 2.45645004E+12 3.20061005E+12
 3.97996002E+12 4.79002991E+12 5.62776001E+12 1.00195001E+13 1.46085999E+13
 1.92807996E+13 2.39944995E+13 3.34154004E+13 5.20191016E+13 7.01741016E+13
 8.78799023E+13 1.30367998E+14 2.09501992E+14 3.18130996E+14 4.50640000E+14
 6.89298984E+14 1.20233000E+15 2.43793000E+15 4.09217000E+15 6.79185000E+15
 2.48449993E+11 2.48449993E+11 2.46800995E+11 2.44216995E+11 2.41884995E+11
 2.39151993E+11 2.34780998E+11 2.30769997E+11 2.26012993E+11 2.18320999E+11
 2.11201992E+11 2.06418991E+11 1.99645004E+11 1.92579994E+11 1.85762005E+11
 1.76095009E+11 1.67462006E+11 1.55218000E+11 1.42433004E+11 1.30088997E+11
 1.12601995E+11 1.04229002E+11 9.70405006E+10 8.50366020E+10 7.51566982E+10
 6.67632008E+10 5.29866982E+10 4.18285990E+10 3.23224998E+10 2.40495992E+10
 1.70288002E+10 1.17191005E+10 1.00030005E+10 9.16812003E+09 9.12900984E+09
 9.42400992E+09 1.07816994E+10 1.66236997E+10 3.96437001E+10 4.42554998E+10
 7.58675003E+10 9.13566971E+10 1.00839005E+11 1.23459997E+11 1.73703995E+11
 1.79762993E+11 3.62585983E+11 5.85404015E+11 8.43276978E+11 1.12672997E+12
 1.75904007E+12 2.45794998E+12 3.20178009E+12 3.98088989E+12 4.79079010E+12
 5.62838013E+12 1.00197998E+13 1.46087000E+13 1.92808997E+13 2.39945996E+13
 3.34154004E+13 5.20191016E+13 7.01741016E+13 8.78799023E+13 1.30367998E+14
 2.09501992E+14 3.18130996E+14 4.50640000E+14 6.89298984E+14 1.20233000E+15
 2.43793000E+15 4.09217000E+15 6.79185000E+15 2.75804996E+11 2.75804996E+11
 2.72672005E+11 2.68307991E+11 2.64766998E+11 2.60941010E+11 2.55298996E+11
 2.50454998E+11 2.44972000E+11 2.36480007E+11 2.28869991E+11 2.23845997E+11
 2.16814995E+11 2.09557991E+11 2.02607002E+11 1.92810001E+11 1.84099007E+11
 1.71779003E+11 1.58941002E+11 1.46559000E+11 1.29039001E+11 1.20658998E+11
 1.13471003E+11 1.01405001E+11 9.13247967E+10 8.28359985E+10 6.92075014E+10
 5.86445999E+10 5.00335979E+10 4.27012014E+10 3.64710999E+10 3.17309999E+10
 3.02190995E+10 2.95409989E+10 2.95281005E+10 2.99129009E+10 3.13537002E+10
 3.72877002E+10 6.03037024E+10 6.49017000E+10 9.63850021E+10 1.11805000E+11
 1.21244001E+11 1.43761997E+11 1.93775005E+11 1.99806995E+11 3.81897011E+11
 6.03931007E+11 8.61010971E+11 1.14369003E+12 1.77451004E+12 2.47205002E+12
 3.21463989E+12 3.99263000E+12 4.80152008E+12 5.63820984E+12 1.00263000E+13
 1.46132996E+13 1.92841003E+13 2.39969995E+13 3.34168994E+13 5.20197998E+13
 7.01745020E+13 8.78801953E+13 1.30367998E+14 2.09501992E+14 3.18130996E+14
 4.50640000E+14 6.89298984E+14 1.20233000E+15 2.43793000E+15 4.09217000E+15
 6.79185000E+15 3.64789009E+11 3.64789009E+11 3.55960007E+11 3.44595985E+11
 3.36133995E+11 3.27809982E+11 3.16732998E+11 3.08124008E+11 2.99274998E+11
 2.86842003E+11 2.76564999E+11 2.70102997E+11 2.61368008E+11 2.52653999E+11
 2.44514008E+11 2.33302994E+11 2.23533001E+11 2.09946003E+11 1.95993996E+11
 1.82674999E+11 1.63936005E+11 1.54951000E+11 1.47159996E+11 1.33941002E+11
 1.23069000E+11 1.13959999E+11 9.96216011E+10 8.90382004E+10 8.10305023E+10
 7.47106981E+10 6.96014977E+10 6.58560991E+10 6.47564983E+10 6.44279003E+10
 6.44774008E+10 6.50889015E+10 6.67668009E+10 7.30536985E+10 9.64554977E+10
 1.01089001E+11 1.32684002E+11 1.48122997E+11 1.57566004E+11 1.80084000E+11
 2.30056992E+11 2.36082993E+11 4.17910995E+11 6.39592018E+11 8.96284027E+11
 1.17855003E+12 1.80854004E+12 2.50522003E+12 3.24695007E+12 4.02410004E+12
 4.83213989E+12 5.66799011E+12 1.00521002E+13 1.46356006E+13 1.93033997E+13
 2.40137012E+13 3.34295996E+13 5.20275000E+13 7.01795020E+13 8.78836035E+13
 1.30370000E+14 2.09501992E+14 3.18130996E+14 4.50640000E+14 6.89298984E+14
 1.20233000E+15 2.43793000E+15 4.09217000E+15 6.79185000E+15 4.94508018E+11
 4.94508018E+11 4.76906013E+11 4.54676018E+11 4.38596992E+11 4.23067017E+11
 4.03291016E+11 3.88755989E+11 3.74412003E+11 3.55424995E+11 3.40723000E+11
 3.31870995E+11 3.20313988E+11 3.09158001E+11 2.99029007E+11 2.85443993E+11
 2.73871002E+11 2.58085995E+11 2.42140999E+11 2.27073002E+11 2.05977993E+11
 1.95879002E+11 1.87161999E+11 1.72513008E+11 1.60485001E+11 1.50400000E+11
 1.34625998E+11 1.23274002E+11 1.15125999E+11 1.09181004E+11 1.04745998E+11
 1.01738005E+11 1.00976000E+11 1.00945997E+11 1.01049995E+11 1.01861000E+11
 1.03753004E+11 1.10367002E+11 1.34141998E+11 1.38810997E+11 1.70522995E+11
 1.85986004E+11 1.95436001E+11 2.17961006E+11 2.67915001E+11 2.73936996E+11
 4.55587997E+11 6.77033997E+11 9.33480988E+11 1.21551003E+12 1.84503006E+12
 2.54128006E+12 3.28257996E+12 4.05931000E+12 4.86694031E+12 5.70239014E+12
 1.00845001E+13 1.46659998E+13 1.93319995E+13 2.40405029E+13 3.34530005E+13
 5.20454004E+13 7.01931982E+13 8.78942969E+13 1.30375996E+14 2.09505000E+14
 3.18131992E+14 4.50640000E+14 6.89300000E+14 1.20233000E+15 2.43793000E+15
 4.09217000E+15 6.79185000E+15 6.59915009E+11 6.59915009E+11 6.30927010E+11
 5.94504013E+11 5.68348007E+11 5.43409004E+11 5.12065010E+11 4.89504013E+11
 4.67770004E+11 4.39933014E+11 4.19205017E+11 4.07070999E+11 3.91624985E+11
 3.77108002E+11 3.64230995E+11 3.47358017E+11 3.33292007E+11 3.14473991E+11
 2.95804996E+11 2.78391991E+11 2.54286003E+11 2.42840996E+11 2.33010006E+11
 2.16576996E+11 2.03113995E+11 1.91814995E+11 1.74125996E+11 1.61499004E+11
 1.52686996E+11 1.46618996E+11 1.42441998E+11 1.39869003E+11 1.39331999E+11
 1.39509001E+11 1.39651003E+11 1.40604000E+11 1.42648001E+11 1.49491997E+11
 1.73505993E+11 1.78194008E+11 2.09948006E+11 2.25407009E+11 2.34850998E+11
 2.57353992E+11 3.07234993E+11 3.13248005E+11 4.94621010E+11 7.15771027E+11
 9.71939011E+11 1.25371002E+12 1.88278000E+12 2.57864014E+12 3.31959991E+12
 4.09601013E+12 4.90334015E+12 5.73851013E+12 1.01192999E+13 1.46995996E+13
 1.93643994E+13 2.40717993E+13 3.34819995E+13 5.20700977E+13 7.02143018E+13
 8.79120996E+13 1.30387998E+14 2.09510996E+14 3.18134004E+14 4.50641016E+14
 6.89300000E+14 1.20233000E+15 2.43793000E+15 4.09217000E+15 6.79185000E+15
 1.08459999E+12 1.08459999E+12 1.02621002E+12 9.52948990E+11 9.00541077E+11
 8.50716019E+11 7.88826981E+11 7.44922028E+11 7.03380966E+11 6.51684036E+11
 6.14608002E+11 5.93550987E+11 5.67484016E+11 5.43781013E+11 5.23384018E+11
 4.97515984E+11 4.76641998E+11 4.49589005E+11 4.23583984E+11 3.99948006E+11
 3.68039017E+11 3.53154984E+11 3.40499992E+11 3.19559002E+11 3.02528000E+11
 2.88239994E+11 2.65748997E+11 2.49566002E+11 2.38344002E+11 2.30925007E+11
 2.26252003E+11 2.23710995E+11 2.23278999E+11 2.23572006E+11 2.23736000E+11
 2.24768009E+11 2.26891003E+11 2.33820992E+11 2.57761993E+11 2.62420006E+11
 2.93924999E+11 3.09258995E+11 3.18626003E+11 3.40951004E+11 3.90455017E+11
 3.96426010E+11 5.76752014E+11 7.96965027E+11 1.05232002E+12 1.33339996E+12
 1.96132004E+12 2.65626007E+12 3.39644989E+12 4.17221039E+12 4.97898010E+12
 5.81362000E+12 1.01923999E+13 1.47709998E+13 1.94342004E+13 2.41401001E+13
 3.35473999E+13 5.21300000E+13 7.02689014E+13 8.79619043E+13 1.30427002E+14
 2.09535000E+14 3.18148008E+14 4.50648008E+14 6.89302969E+14 1.20233000E+15
 2.43793000E+15 4.09217000E+15 6.79185000E+15 1.61908005E+12 1.61908005E+12
 1.52388000E+12 1.40421997E+12 1.31850998E+12 1.23707001E+12 1.13601997E+12
 1.06457001E+12 9.97300034E+11 9.14465027E+11 8.55930023E+11 8.23131027E+11
 7.83052979E+11 7.47221985E+11 7.16890030E+11 6.79150009E+11 6.49308014E+11
 6.11442986E+11 5.75871010E+11 5.44208984E+11 5.02337990E+11 4.83129997E+11
 4.66939011E+11 4.40396004E+11 4.18978996E+11 4.01063995E+11 3.72760010E+11
 3.52109985E+11 3.37515984E+11 3.27723999E+11 3.21542015E+11 3.18115997E+11
 3.17385006E+11 3.17427998E+11 3.17544994E+11 3.18397007E+11 3.20302010E+11
 3.26801987E+11 3.49873009E+11 3.54398994E+11 3.85152016E+11 4.00181007E+11
 4.09374008E+11 4.31315002E+11 4.80079994E+11 4.85971985E+11 6.64487000E+11
 8.83210983E+11 1.13734001E+12 1.41738007E+12 2.04367004E+12 2.73737000E+12
 3.47657990E+12 4.25153015E+12 5.05760010E+12 5.89164978E+12 1.02681995E+13
 1.48453003E+13 1.95072998E+13 2.42120996E+13 3.36175000E+13 5.21966016E+13
 7.03320996E+13 8.80217969E+13 1.30479004E+14 2.09575000E+14 3.18173008E+14
 4.50663008E+14 6.89308984E+14 1.20233000E+15 2.43793000E+15 4.09217000E+15
 6.79185000E+15 2.10595993E+12 2.10595993E+12 1.98636002E+12 1.83464996E+12
 1.71910995E+12 1.61723007E+12 1.48447998E+12 1.38319016E+12 1.29350006E+12
 1.18339996E+12 1.09760002E+12 1.05271004E+12 9.96415024E+11 9.51763992E+11
 9.10441971E+11 8.55286026E+11 8.17566986E+11 7.68063965E+11 7.20477982E+11
 6.79429016E+11 6.25489006E+11 6.02720985E+11 5.84734001E+11 5.50335999E+11
 5.30750008E+11 5.17402000E+11 4.81202011E+11 4.59911003E+11 4.42995987E+11
 4.34473000E+11 4.29460983E+11 4.22420998E+11 4.16287994E+11 4.24676018E+11
 4.24012985E+11 4.21334000E+11 4.19034996E+11 4.27253990E+11 4.52717018E+11
 4.56806984E+11 4.82532005E+11 4.97089005E+11 5.06283989E+11 5.28530006E+11
 5.79249001E+11 5.85246010E+11 7.57932968E+11 9.74844971E+11 1.22613998E+12
 1.50677002E+12 2.12776993E+12 2.81735992E+12 3.56027008E+12 4.33756989E+12
 5.14403015E+12 5.96934998E+12 1.03440002E+13 1.49237000E+13 1.95864001E+13
 2.42866992E+13 3.36901001E+13 5.22666016E+13 7.03995996E+13 8.80870020E+13
 1.30539004E+14 2.09624004E+14 3.18210000E+14 4.50688008E+14 6.89322031E+14
 1.20234000E+15 2.43794000E+15 4.09217000E+15 6.79185000E+15 2.72373993E+12
 2.72373993E+12 2.56734985E+12 2.36608994E+12 2.21643005E+12 2.07796005E+12
 1.90106995E+12 1.77237000E+12 1.65052994E+12 1.49837997E+12 1.39128998E+12
 1.33029007E+12 1.25681999E+12 1.19150002E+12 1.13789001E+12 1.06927002E+12
 1.01946999E+12 9.55596008E+11 8.97284012E+11 8.46456985E+11 7.81336975E+11
 7.49107971E+11 7.24157028E+11 6.94222031E+11 6.65447998E+11 6.47549973E+11
 6.09536018E+11 5.82621994E+11 5.63401985E+11 5.50518990E+11 5.43750992E+11
 5.35654984E+11 5.31388016E+11 5.33762016E+11 5.33354988E+11 5.30625992E+11
 5.32757988E+11 5.38018990E+11 5.59478989E+11 5.63506012E+11 5.90340004E+11
 6.03900986E+11 6.12266006E+11 6.32788010E+11 6.82129974E+11 6.87968979E+11
 8.56688995E+11 1.06696999E+12 1.32154999E+12 1.59929001E+12 2.22139008E+12
 2.90628998E+12 3.64652008E+12 4.42268005E+12 5.22870972E+12 6.05273010E+12
 1.04243005E+13 1.50020996E+13 1.96634998E+13 2.43627002E+13 3.37645996E+13
 5.23385986E+13 7.04697021E+13 8.81553027E+13 1.30602998E+14 2.09680000E+14
 3.18255000E+14 4.50721992E+14 6.89341016E+14 1.20234000E+15 2.43794000E+15
 4.09217000E+15 6.79185000E+15 4.12457001E+12 4.12457001E+12 3.88230988E+12
 3.57369995E+12 3.34657990E+12 3.12153992E+12 2.84864990E+12 2.64903015E+12
 2.45615997E+12 2.21751999E+12 2.04798004E+12 1.95362000E+12 1.83910004E+12
 1.73332993E+12 1.65412994E+12 1.54951996E+12 1.47404007E+12 1.37630997E+12
 1.28858994E+12 1.21636002E+12 1.12577003E+12 1.08356003E+12 1.05457001E+12
 9.99913025E+11 9.67492981E+11 9.41897964E+11 8.88623962E+11 8.55169983E+11
 8.28093033E+11 8.08780975E+11 7.98876038E+11 7.82462006E+11 7.80606995E+11
 7.82191010E+11 7.81568985E+11 7.78391037E+11 7.77005997E+11 7.81221008E+11
 7.96941986E+11 8.00078964E+11 8.21669006E+11 8.33839035E+11 8.41588974E+11
 8.60711975E+11 9.05755005E+11 9.11157990E+11 1.07251999E+12 1.27832001E+12
 1.52473999E+12 1.79427994E+12 2.41274994E+12 3.09557007E+12 3.82851013E+12
 4.60178986E+12 5.40520996E+12 6.22961975E+12 1.05908997E+13 1.51639001E+13
 1.98222009E+13 2.45190991E+13 3.39176001E+13 5.24870996E+13 7.06147998E+13
 8.82974023E+13 1.30737998E+14 2.09802988E+14 3.18361992E+14 4.50808984E+14
 6.89398984E+14 1.20237000E+15 2.43794000E+15 4.09217000E+15 6.79185000E+15
 5.70370972E+12 5.70370972E+12 5.37181030E+12 4.94334015E+12 4.62893005E+12
 4.32299011E+12 3.93200989E+12 3.64993988E+12 3.37894989E+12 3.04161011E+12
 2.80071991E+12 2.66673004E+12 2.50380997E+12 2.35994003E+12 2.24141998E+12
 2.09807999E+12 1.98889008E+12 1.85600998E+12 1.73708984E+12 1.63606995E+12
 1.51166000E+12 1.46244995E+12 1.42028000E+12 1.35429993E+12 1.30595993E+12
 1.26882004E+12 1.19889000E+12 1.15982002E+12 1.12328003E+12 1.09878998E+12
 1.08266998E+12 1.06624001E+12 1.05662003E+12 1.06125000E+12 1.05990997E+12
 1.05177002E+12 1.05125999E+12 1.05171997E+12 1.06101997E+12 1.06361000E+12
 1.08331001E+12 1.09335999E+12 1.09958000E+12 1.11507004E+12 1.15882004E+12
 1.16399002E+12 1.31272003E+12 1.51113007E+12 1.74404007E+12 2.01128998E+12
 2.62019012E+12 3.29714996E+12 4.02343994E+12 4.79309998E+12 5.59239014E+12
 6.41375977E+12 1.07630005E+13 1.53323999E+13 1.99868005E+13 2.46808008E+13
 3.40754004E+13 5.26399023E+13 7.07643994E+13 8.84444043E+13 1.30880000E+14
 2.09935996E+14 3.18483008E+14 4.50915000E+14 6.89479062E+14 1.20241000E+15
 2.43795000E+15 4.09218000E+15 6.79185000E+15 1.12280005E+13 1.12280005E+13
 1.06007996E+13 9.78413086E+12 9.17898987E+12 8.58197021E+12 7.81219971E+12
 7.24689026E+12 6.70142029E+12 6.01388977E+12 5.51802002E+12 5.24244019E+12
 4.90808990E+12 4.61089996E+12 4.36518005E+12 4.07029999E+12 3.84476990E+12
 3.57384003E+12 3.33497009E+12 3.13872986E+12 2.89940002E+12 2.79987000E+12
 2.71876007E+12 2.59670990E+12 2.50406006E+12 2.43503998E+12 2.31798004E+12
 2.23268005E+12 2.17035995E+12 2.12169998E+12 2.08533005E+12 2.05449997E+12
 2.04177002E+12 2.03656998E+12 2.03419998E+12 2.02414001E+12 2.01337997E+12
 2.00399994E+12 1.99514008E+12 1.99477005E+12 1.99740997E+12 2.00056000E+12
 2.00283005E+12 2.00996002E+12 2.04108002E+12 2.04481003E+12 2.15554001E+12
 2.32063995E+12 2.52878998E+12 2.76776001E+12 3.33903015E+12 3.98212006E+12
 4.69023987E+12 5.43905029E+12 6.22096008E+12 7.03060974E+12 1.13401001E+13
 1.58783997E+13 2.05158008E+13 2.51973999E+13 3.45752002E+13 5.31152979E+13
 7.12329980E+13 8.89048047E+13 1.31325996E+14 2.10363008E+14 3.18885000E+14
 4.51288984E+14 6.89798984E+14 1.20262000E+15 2.43802000E+15 4.09220000E+15
 6.79185000E+15 1.53659998E+13 1.53659998E+13 1.45379004E+13 1.34527002E+13
 1.26381006E+13 1.18406995E+13 1.08002002E+13 1.00315002E+13 9.28690979E+12
 8.33400024E+12 7.64916992E+12 7.26299988E+12 6.78656006E+12 6.37327026E+12
 6.03049988E+12 5.61422974E+12 5.29781006E+12 4.91552002E+12 4.57920013E+12
 4.30941010E+12 3.97888000E+12 3.83589996E+12 3.72787994E+12 3.55928009E+12
 3.43105011E+12 3.33821014E+12 3.17730988E+12 3.06653992E+12 2.97704987E+12
 2.91282990E+12 2.86020996E+12 2.81390991E+12 2.79485992E+12 2.78605011E+12
 2.78291992E+12 2.77037994E+12 2.75519012E+12 2.73682007E+12 2.71326996E+12
 2.71042999E+12 2.69790985E+12 2.69834961E+12 2.69977997E+12 2.70480011E+12
 2.72204010E+12 2.72432007E+12 2.80500000E+12 2.94873993E+12 3.13588013E+12
 3.36022003E+12 3.89024994E+12 4.51364014E+12 5.19609985E+12 5.92635010E+12
 6.69609009E+12 7.49421021E+12 1.17618994E+13 1.62768005E+13 2.08946997E+13
 2.55677002E+13 3.49302002E+13 5.34525000E+13 7.15599023E+13 8.92250000E+13
 1.31635996E+14 2.10660000E+14 3.19170996E+14 4.51561016E+14 6.90047969E+14
 1.20282000E+15 2.43812016E+15 4.09223000E+15 6.79186000E+15 2.65917993E+13
 2.65917993E+13 2.52862964E+13 2.35550000E+13 2.22442993E+13 2.09333008E+13
 1.92103003E+13 1.79194995E+13 1.66462000E+13 1.49931995E+13 1.37825000E+13
 1.30941003E+13 1.22476001E+13 1.14944995E+13 1.08681995E+13 1.01073999E+13
 9.52692017E+12 8.82721985E+12 8.21406006E+12 7.71562012E+12 7.11328003E+12
 6.86245972E+12 6.66286011E+12 6.35533020E+12 6.12773010E+12 5.95197998E+12
 5.67315979E+12 5.47005981E+12 5.31302002E+12 5.19065979E+12 5.09388977E+12
 5.00855988E+12 4.97322998E+12 4.94795013E+12 4.94114990E+12 4.91134003E+12
 4.88695007E+12 4.84338989E+12 4.77440002E+12 4.76550995E+12 4.72270996E+12
 4.71023987E+12 4.70437012E+12 4.69364990E+12 4.68218994E+12 4.68140991E+12
 4.69438995E+12 4.77225006E+12 4.90221039E+12 5.07325012E+12 5.51658020E+12
 6.06088989E+12 6.67851990E+12 7.35658997E+12 8.07848022E+12 8.83456970E+12
 1.29556006E+13 1.73889001E+13 2.19587988E+13 2.65861011E+13 3.58936011E+13
 5.43539990E+13 7.24258984E+13 9.00678027E+13 1.32442998E+14 2.11433008E+14
 3.19915000E+14 4.52280000E+14 6.90727031E+14 1.20341000E+15 2.43849000E+15
 4.09242000E+15 6.79192000E+15 3.83662012E+13 3.83662012E+13 3.66509009E+13
 3.43522998E+13 3.25889990E+13 3.08157007E+13 2.84560010E+13 2.66616992E+13
 2.48653003E+13 2.25122998E+13 2.07557007E+13 1.97517004E+13 1.85056995E+13
 1.73896997E+13 1.64509998E+13 1.53069995E+13 1.44312000E+13 1.33714001E+13
 1.24418005E+13 1.16756995E+13 1.07575000E+13 1.03756006E+13 1.00695001E+13
 9.60650024E+12 9.25841980E+12 8.98924011E+12 8.56619995E+12 8.25838989E+12
 8.01796021E+12 7.82671021E+12 7.67414001E+12 7.54299011E+12 7.48515991E+12
 7.44148010E+12 7.43104004E+12 7.38663025E+12 7.34606018E+12 7.26940002E+12
 7.14737000E+12 7.13130005E+12 7.05117004E+12 7.02400024E+12 7.00991028E+12
 6.98106018E+12 6.93453003E+12 6.93012024E+12 6.86892029E+12 6.88247070E+12
 6.95122009E+12 7.07387024E+12 7.42197021E+12 7.88578979E+12 8.42736023E+12
 9.04665955E+12 9.71218994E+12 1.04183997E+13 1.43619995E+13 1.86798999E+13
 2.31684009E+13 2.77350000E+13 3.69675000E+13 5.53400977E+13 7.33616016E+13
 9.09708008E+13 1.33297998E+14 2.12240996E+14 3.20690996E+14 4.53031016E+14
 6.91446016E+14 1.20407000E+15 2.43900000E+15 4.09274000E+15 6.79206000E+15
 5.01804004E+13 5.01804004E+13 4.81308008E+13 4.53622021E+13 4.32231006E+13
 4.10460010E+13 3.81188989E+13 3.58664990E+13 3.35952002E+13 3.05743994E+13
 2.82962012E+13 2.69732031E+13 2.53266992E+13 2.38387988E+13 2.25807007E+13
 2.10361011E+13 1.98468994E+13 1.84013000E+13 1.71258997E+13 1.60746997E+13
 1.48108997E+13 1.42856006E+13 1.38654004E+13 1.32231006E+13 1.27431995E+13
 1.23667004E+13 1.17855005E+13 1.13582996E+13 1.10248999E+13 1.07583997E+13
 1.05430005E+13 1.03564001E+13 1.02764001E+13 1.02071997E+13 1.01931000E+13
 1.01366992E+13 1.00731000E+13 9.96067993E+12 9.77676025E+12 9.75228027E+12
 9.62854980E+12 9.58479004E+12 9.56161011E+12 9.51315979E+12 9.43101990E+12
 9.42283997E+12 9.27913025E+12 9.22291992E+12 9.23544006E+12 9.30171021E+12
 9.55562988E+12 9.93693970E+12 1.04118994E+13 1.09607996E+13 1.15666016E+13
 1.22190002E+13 1.59527002E+13 2.01323999E+13 2.45269995E+13 2.90261011E+13
 3.81527026E+13 5.64120996E+13 7.43678027E+13 9.19344043E+13 1.34199004E+14
 2.13083008E+14 3.21491992E+14 4.53805000E+14 6.92190000E+14 1.20477000E+15
 2.43959000E+15 4.09317000E+15 6.79230000E+15 6.17658008E+13 6.17658008E+13
 5.94574023E+13 5.63133008E+13 5.38577002E+13 5.13518018E+13 4.79412012E+13
 4.52960010E+13 4.25987012E+13 3.89728003E+13 3.62008008E+13 3.45781006E+13
 3.25468994E+13 3.06946997E+13 2.91162012E+13 2.71693994E+13 2.56586011E+13
 2.38162012E+13 2.21839014E+13 2.08294995E+13 1.92029004E+13 1.85200000E+13
 1.79755005E+13 1.71451001E+13 1.65231995E+13 1.60345996E+13 1.52797998E+13
 1.47246997E+13 1.42888000E+13 1.39388000E+13 1.36532996E+13 1.34115002E+13
 1.33018994E+13 1.32119995E+13 1.31929004E+13 1.31147998E+13 1.30304004E+13
 1.28785999E+13 1.26242004E+13 1.25904004E+13 1.24193994E+13 1.23577002E+13
 1.23246997E+13 1.22553003E+13 1.21359998E+13 1.21238000E+13 1.18855005E+13
 1.17573999E+13 1.17065002E+13 1.17160999E+13 1.18812000E+13 1.21809998E+13
 1.25826001E+13 1.30661011E+13 1.36088000E+13 1.42087000E+13 1.77241003E+13
 2.17501001E+13 2.60282007E+13 3.04427002E+13 3.94503003E+13 5.75708984E+13
 7.54452002E+13 9.29594043E+13 1.35145996E+14 2.13956992E+14 3.22319004E+14
 4.54600000E+14 6.92951016E+14 1.20548000E+15 2.44022000E+15 4.09368000E+15
 6.79262000E+15 8.37879980E+13 8.37879980E+13 8.11389014E+13 7.74864014E+13
 7.46014014E+13 7.16041016E+13 6.74722998E+13 6.42116016E+13 6.08322998E+13
 5.62033008E+13 5.25874023E+13 5.04368018E+13 4.77035986E+13 4.51781006E+13
 4.29981982E+13 4.02775000E+13 3.81412988E+13 3.55048999E+13 3.31437012E+13
 3.11702002E+13 2.87804004E+13 2.77730005E+13 2.69657007E+13 2.57320996E+13
 2.48061011E+13 2.40741992E+13 2.29466992E+13 2.21133008E+13 2.14570996E+13
 2.09269995E+13 2.04905005E+13 2.01170996E+13 1.99505017E+13 1.98007996E+13
 1.97715002E+13 1.96573999E+13 1.95232996E+13 1.92812000E+13 1.88741003E+13
 1.88192004E+13 1.85372998E+13 1.84357996E+13 1.83814001E+13 1.82652002E+13
 1.80577002E+13 1.80363000E+13 1.75993005E+13 1.73140002E+13 1.71306006E+13
 1.70281995E+13 1.69906995E+13 1.71297998E+13 1.73896997E+13 1.77430005E+13
 1.81721997E+13 1.86558997E+13 2.17262012E+13 2.54186011E+13 2.94451001E+13
 3.36571997E+13 4.23735986E+13 6.01481006E+13 7.78154004E+13 9.51944043E+13
 1.37182002E+14 2.15805996E+14 3.24045000E+14 4.56246016E+14 6.94518984E+14
 1.20697008E+15 2.44157000E+15 4.09483000E+15 6.79346000E+15 1.04072998E+14
 1.04072998E+14 1.01257998E+14 9.73354980E+13 9.42026953E+13 9.09188867E+13
 8.63329004E+13 8.26613965E+13 7.88122021E+13 7.34475977E+13 6.91777979E+13
 6.66064990E+13 6.32983984E+13 6.02018945E+13 5.75006006E+13 5.40779980E+13
 5.13656982E+13 4.79772998E+13 4.49106006E+13 4.23210010E+13 3.91629004E+13
 3.78215991E+13 3.67487988E+13 3.50954004E+13 3.38487012E+13 3.28623999E+13
 3.13404004E+13 3.02093994E+13 2.93177002E+13 2.85936011E+13 2.79917017E+13
 2.74760010E+13 2.72458008E+13 2.70362988E+13 2.69954004E+13 2.68357007E+13
 2.66493994E+13 2.63102002E+13 2.57301001E+13 2.56522998E+13 2.52536011E+13
 2.51064990E+13 2.50267969E+13 2.48567993E+13 2.45537988E+13 2.45222998E+13
 2.38676001E+13 2.34070996E+13 2.30781006E+13 2.28537988E+13 2.26127002E+13
 2.25864990E+13 2.27021997E+13 2.29241992E+13 2.32366992E+13 2.36226001E+13
 2.62489990E+13 2.95991992E+13 3.33492993E+13 3.73410034E+13 4.57166992E+13
 6.30602979E+13 8.04735986E+13 9.76771973E+13 1.39409004E+14 2.17790000E+14
 3.25868008E+14 4.57966016E+14 6.96142969E+14 1.20850000E+15 2.44298000E+15
 4.09611000E+15 6.79450000E+15 1.55207998E+14 1.55207998E+14 1.53087002E+14
 1.49079004E+14 1.45810000E+14 1.42315986E+14 1.37325000E+14 1.33212002E+14
 1.28782998E+14 1.22387998E+14 1.17099004E+14 1.13815000E+14 1.09477002E+14
 1.05292002E+14 1.01529004E+14 9.66226953E+13 9.26051953E+13 8.74219043E+13
 8.25824023E+13 7.83852002E+13 7.31206006E+13 7.08435986E+13 6.89991992E+13
 6.61275977E+13 6.39395996E+13 6.21827979E+13 5.94627979E+13 5.74129004E+13
 5.57825977E+13 5.44441016E+13 5.33197998E+13 5.23510986E+13 5.19141992E+13
 5.15160986E+13 5.14379004E+13 5.11304980E+13 5.07702002E+13 5.01104004E+13
 4.89772998E+13 4.88237988E+13 4.80297021E+13 4.77335010E+13 4.75720996E+13
 4.72256006E+13 4.65989014E+13 4.65333008E+13 4.51397021E+13 4.40950000E+13
 4.32877002E+13 4.26541016E+13 4.17512988E+13 4.11854980E+13 4.08489990E+13
 4.06854004E+13 4.06517993E+13 4.07190991E+13 4.20760010E+13 4.44454980E+13
 4.73793018E+13 5.06745020E+13 5.79247998E+13 7.37058984E+13 9.00986035E+13
 1.06597002E+14 1.47229004E+14 2.24555996E+14 3.31930000E+14 4.63576992E+14
 7.01336016E+14 1.21330000E+15 2.44743000E+15 4.10027000E+15 6.79819000E+15
 1.85053008E+14 1.85053008E+14 1.82368008E+14 1.78531992E+14 1.74945996E+14
 1.71988008E+14 1.67084004E+14 1.63004004E+14 1.58565000E+14 1.52050000E+14
 1.46570996E+14 1.43127002E+14 1.38514004E+14 1.33995000E+14 1.29885996E+14
 1.24429004E+14 1.19887998E+14 1.13927002E+14 1.08252002E+14 1.03245000E+14
 9.68603027E+13 9.40599023E+13 9.17780957E+13 8.81926953E+13 8.54395996E+13
 8.32150000E+13 7.97472949E+13 7.71164990E+13 7.50106006E+13 7.32716016E+13
 7.18008008E+13 7.05308984E+13 6.99575977E+13 6.94277002E+13 6.93239990E+13
 6.89181055E+13 6.84402979E+13 6.75643994E+13 6.60493994E+13 6.58437988E+13
 6.47764014E+13 6.43754004E+13 6.41564014E+13 6.36856982E+13 6.28343018E+13
 6.27449023E+13 6.08324023E+13 5.93727051E+13 5.82260010E+13 5.72989990E+13
 5.59225977E+13 5.49772021E+13 5.43264014E+13 5.38931982E+13 5.36210010E+13
 5.34758008E+13 5.40058008E+13 5.57545020E+13 5.81779980E+13 6.10237012E+13
 6.75322998E+13 8.21975977E+13 9.78013965E+13 1.13700000E+14 1.53380000E+14
 2.29748008E+14 3.36470000E+14 4.67695000E+14 7.05064922E+14 1.21668000E+15
 2.45052000E+15 4.10319000E+15 6.80090000E+15 2.47225996E+14 2.47225996E+14
 2.44931992E+14 2.41625996E+14 2.38873008E+14 2.35896992E+14 2.31520996E+14
 2.27828008E+14 2.23733008E+14 2.17598008E+14 2.12310996E+14 2.08915000E+14
 2.04286992E+14 1.99640000E+14 1.95317012E+14 1.89416992E+14 1.84364004E+14
 1.77513008E+14 1.70741992E+14 1.64564004E+14 1.56377998E+14 1.52689004E+14
 1.49630000E+14 1.44735996E+14 1.40902998E+14 1.37760000E+14 1.32775000E+14
 1.28922998E+14 1.25797002E+14 1.23182002E+14 1.20950000E+14 1.18999004E+14
 1.18112998E+14 1.17287002E+14 1.17125996E+14 1.16495996E+14 1.15747998E+14
 1.14365996E+14 1.11960000E+14 1.11630996E+14 1.09915000E+14 1.09267002E+14
 1.08912002E+14 1.08145996E+14 1.06747002E+14 1.06599004E+14 1.03410996E+14
 1.00925996E+14 9.89192969E+13 9.72599023E+13 9.46686035E+13 9.27545020E+13
 9.12959961E+13 9.01682031E+13 8.92917969E+13 8.86107031E+13 8.70812988E+13
 8.73355957E+13 8.85579004E+13 9.03854980E+13 9.51625000E+13 1.07147998E+14
 1.20707998E+14 1.34995000E+14 1.71826992E+14 2.45085996E+14 3.49580000E+14
 4.79333008E+14 7.15331016E+14 1.22570000E+15 2.45858984E+15 4.11078000E+15
 6.80805000E+15 3.51811016E+14 3.51811016E+14 3.50146992E+14 3.46810000E+14
 3.45698008E+14 3.43496992E+14 3.40196992E+14 3.35585000E+14 3.32303008E+14
 3.27281992E+14 3.22861992E+14 3.19978008E+14 3.15970000E+14 3.11871992E+14
 3.07975000E+14 3.02535000E+14 2.97738008E+14 2.91026992E+14 2.84130000E+14
 2.77576992E+14 2.68500000E+14 2.64241992E+14 2.60634004E+14 2.54710996E+14
 2.49921992E+14 2.45905000E+14 2.39364023E+14 2.34150996E+14 2.29819004E+14
 2.26119004E+14 2.22899004E+14 2.20055000E+14 2.18744004E+14 2.17511992E+14
 2.17270996E+14 2.16331992E+14 2.15210000E+14 2.13110000E+14 2.09405996E+14
 2.08895000E+14 2.06197012E+14 2.05171992E+14 2.04608008E+14 2.03385996E+14
 2.01126992E+14 2.00888008E+14 1.95640996E+14 1.91435000E+14 1.87950000E+14
 1.84998008E+14 1.80235996E+14 1.76534004E+14 1.73561992E+14 1.71125996E+14
 1.69095000E+14 1.67381992E+14 1.61892002E+14 1.59334004E+14 1.58340996E+14
 1.58315986E+14 1.60052998E+14 1.67371992E+14 1.77258008E+14 1.88480996E+14
 2.19349004E+14 2.84958008E+14 3.83105000E+14 5.08341016E+14 7.39972969E+14
 1.24631000E+15 2.47610000E+15 4.12693000E+15 6.82325000E+15 4.88331016E+14
 4.88331016E+14 4.87173008E+14 4.83960000E+14 4.84061992E+14 4.82495000E+14
 4.80125000E+14 4.78088984E+14 4.73585000E+14 4.69728008E+14 4.66266016E+14
 4.63975000E+14 4.60765039E+14 4.57436016E+14 4.54233984E+14 4.49701016E+14
 4.45641016E+14 4.39856992E+14 4.33783008E+14 4.27871992E+14 4.19443008E+14
 4.15396992E+14 4.11891992E+14 4.06040000E+14 4.01200000E+14 3.97043984E+14
 3.90125000E+14 3.84468008E+14 3.79646016E+14 3.75461992E+14 3.71753008E+14
 3.68423008E+14 3.66878984E+14 3.65410000E+14 3.65123008E+14 3.63996992E+14
 3.62643984E+14 3.60096016E+14 3.55525000E+14 3.54886992E+14 3.51495000E+14
 3.50193008E+14 3.49473008E+14 3.47906016E+14 3.44971992E+14 3.44660000E+14
 3.37718008E+14 3.31988008E+14 3.27129004E+14 3.22923008E+14 3.15948008E+14
 3.10330996E+14 3.05678008E+14 3.01740000E+14 2.98353008E+14 2.95409004E+14
 2.84998008E+14 2.78808008E+14 2.74925000E+14 2.72491992E+14 2.70311992E+14
 2.71763008E+14 2.77115000E+14 2.84531992E+14 3.07698008E+14 3.62145000E+14
 4.49253984E+14 5.65345000E+14 7.87102969E+14 1.28371000E+15 2.50582000E+15
 4.15334000E+15 6.84756000E+15 6.58733984E+14 6.58733984E+14 6.57941016E+14
 6.56782969E+14 6.55797031E+14 6.54681016E+14 6.53023984E+14 6.51561016E+14
 6.49908008E+14 6.44981016E+14 6.42318008E+14 6.40521992E+14 6.37966016E+14
 6.35310000E+14 6.32716016E+14 6.28995000E+14 6.25633984E+14 6.20791016E+14
 6.15633984E+14 6.10565000E+14 6.03218984E+14 5.99633984E+14 5.96523984E+14
 5.91260000E+14 5.86845039E+14 5.83023008E+14 5.76551016E+14 5.71165000E+14
 5.66523984E+14 5.62430000E+14 5.58768008E+14 5.55446016E+14 5.53891992E+14
 5.52411016E+14 5.52121016E+14 5.50978984E+14 5.49603008E+14 5.46992969E+14
 5.42251016E+14 5.41583984E+14 5.38016016E+14 5.36633008E+14 5.35865000E+14
 5.34188008E+14 5.31035000E+14 5.30696992E+14 5.23063008E+14 5.16613008E+14
 5.11036016E+14 5.06123984E+14 4.97776016E+14 4.90873984E+14 4.85006016E+14
 4.79928008E+14 4.75465000E+14 4.71508008E+14 4.56758008E+14 4.47098008E+14
 4.40313984E+14 4.35383008E+14 4.29046016E+14 4.24161016E+14 4.24628008E+14
 4.27968008E+14 4.42913008E+14 4.85033008E+14 5.58623008E+14 6.61836016E+14
 8.67406016E+14 1.34562000E+15 2.55202000E+15 4.19261000E+15 6.88255000E+15
 9.87307969E+14 9.87307969E+14 9.86928984E+14 9.86371016E+14 9.85888984E+14
 9.85335000E+14 9.84452031E+14 9.83628984E+14 9.82630000E+14 9.80952031E+14
 9.77532031E+14 9.76302969E+14 9.74527969E+14 9.72612031E+14 9.70697969E+14
 9.67921953E+14 9.65363984E+14 9.61616016E+14 9.57576016E+14 9.53515000E+14
 9.47576016E+14 9.44645000E+14 9.42087969E+14 9.37726016E+14 9.34027969E+14
 9.30801953E+14 9.25292031E+14 9.20651016E+14 9.16612031E+14 9.13030000E+14
 9.09791016E+14 9.06840000E+14 9.05454922E+14 9.04127969E+14 9.03867031E+14
 9.02840000E+14 9.01596016E+14 8.99232109E+14 8.94897969E+14 8.94283984E+14
 8.90977031E+14 8.89688984E+14 8.88972969E+14 8.87400000E+14 8.84411016E+14
 8.84090000E+14 8.76762109E+14 8.70416094E+14 8.64826016E+14 8.59807031E+14
 8.51078984E+14 8.43668984E+14 8.37182031E+14 8.31431016E+14 8.26292031E+14
 8.21613984E+14 8.03306016E+14 7.90257969E+14 7.80365000E+14 7.72561016E+14
 7.61092031E+14 7.47723984E+14 7.41283984E+14 7.38726016E+14 7.41601016E+14
 7.65411016E+14 8.18118984E+14 8.99652031E+14 1.07367000E+15 1.50724000E+15
 2.66704000E+15 4.28537000E+15 6.96132000E+15 1.39055000E+15 1.39055000E+15
 1.39049000E+15 1.39041000E+15 1.39032000E+15 1.39020000E+15 1.38994016E+15
 1.38964000E+15 1.38921000E+15 1.38835000E+15 1.38740000E+15 1.38669000E+15
 1.38402000E+15 1.38267000E+15 1.38130000E+15 1.37921000E+15 1.37726000E+15
 1.37430000E+15 1.37105000E+15 1.36773000E+15 1.36281000E+15 1.36035000E+15
 1.35820000E+15 1.35449000E+15 1.35134000E+15 1.34858000E+15 1.34382000E+15
 1.33981000E+15 1.33630000E+15 1.33315000E+15 1.33034000E+15 1.32776000E+15
 1.32654000E+15 1.32538000E+15 1.32515000E+15 1.32425000E+15 1.32316000E+15
 1.32107000E+15 1.31724000E+15 1.31670000E+15 1.31377000E+15 1.31262000E+15
 1.31198000E+15 1.31057000E+15 1.30791000E+15 1.30762000E+15 1.30100000E+15
 1.29523000E+15 1.29008000E+15 1.28545000E+15 1.27723000E+15 1.27016000E+15
 1.26390000E+15 1.25828000E+15 1.25318992E+15 1.24852000E+15 1.22965000E+15
 1.21560000E+15 1.20447000E+15 1.19535000E+15 1.18117000E+15 1.16255000E+15
 1.15125000E+15 1.14426000E+15 1.13744000E+15 1.14569000E+15 1.18002000E+15
 1.24171000E+15 1.38436000E+15 1.76463000E+15 2.85135000E+15 4.42808000E+15
 7.07654000E+15 2.18953000E+15 2.18953000E+15 2.18992000E+15 2.19049000E+15
 2.19096000E+15 2.19145000E+15 2.19209000E+15 2.19252000E+15 2.19290000E+15
 2.19322000E+15 2.19323000E+15 2.19312000E+15 2.19281000E+15 2.19233000E+15
 2.19173000E+15 2.19069000E+15 2.18814000E+15 2.18623000E+15 2.18398000E+15
 2.18159000E+15 2.17790000E+15 2.17600000E+15 2.17431000E+15 2.17141000E+15
 2.16888000E+15 2.16665000E+15 2.16278000E+15 2.15948000E+15 2.15658000E+15
 2.15399000E+15 2.15165000E+15 2.14950000E+15 2.14848000E+15 2.14752000E+15
 2.14733000E+15 2.14658000E+15 2.14567000E+15 2.14395000E+15 2.14076000E+15
 2.14029984E+15 2.13784000E+15 2.13688000E+15 2.13635000E+15 2.13517984E+15
 2.13291016E+15 2.13266000E+15 2.12709000E+15 2.12216000E+15 2.11774000E+15
 2.11368000E+15 2.10653000E+15 2.10034000E+15 2.09472000E+15 2.08971000E+15
 2.08507000E+15 2.08083000E+15 2.06325000E+15 2.04972000E+15 2.03865000E+15
 2.02932000E+15 2.01415000E+15 1.99253000E+15 1.97763000E+15 1.96687000E+15
 1.95067000E+15 1.94160000E+15 1.95344000E+15 1.98953000E+15 2.08949000E+15
 2.38865000E+15 3.33115000E+15 4.79848000E+15 7.36322000E+15 4.96851000E+15
 4.96851000E+15 4.96994000E+15 4.97207000E+15 4.97387000E+15 4.97583000E+15
 4.97866000E+15 4.98095000E+15 4.98333000E+15 4.98657000E+15 4.98904000E+15
 4.99043000E+15 4.99211000E+15 4.99354000E+15 4.99465000E+15 4.99582000E+15
 4.99658000E+15 4.99716000E+15 4.99731000E+15 4.99706000E+15 4.99510000E+15
 4.99440000E+15 4.99478000E+15 4.99355000E+15 4.99115000E+15 4.98996000E+15
 4.98782000E+15 4.98586000E+15 4.98550000E+15 4.98259000E+15 4.98098000E+15
 4.97969000E+15 4.97897000E+15 4.97839000E+15 4.97827000E+15 4.97776969E+15
 4.97717000E+15 4.97606969E+15 4.97409000E+15 4.97378969E+15 4.97204000E+15
 4.97138000E+15 4.97102000E+15 4.97022000E+15 4.96869000E+15 4.96852000E+15
 4.96472000E+15 4.96120000E+15 4.95807000E+15 4.95512000E+15 4.94984000E+15
 4.94519000E+15 4.94101000E+15 4.93714000E+15 4.93361000E+15 4.93033000E+15
 4.91646000E+15 4.90545000E+15 4.89628000E+15 4.88835000E+15 4.87507000E+15
 4.85510000E+15 4.84001000E+15 4.82819000E+15 4.80701000E+15 4.78355000E+15
 4.77084000E+15 4.77367000E+15 4.81044000E+15 4.97133000E+15 5.59860000E+15
 6.71605000E+15 8.88667000E+15 8.13719000E+15 8.13719000E+15 8.13954000E+15
 8.14304000E+15 8.14603000E+15 8.14931938E+15 8.15412000E+15 8.15810000E+15
 8.16235000E+15 8.16834000E+15 8.17307000E+15 8.17589000E+15 8.17945938E+15
 8.18272000E+15 8.18547000E+15 8.18882000E+15 8.19131000E+15 8.19419000E+15
 8.19656000E+15 8.19823938E+15 8.19981000E+15 8.20029000E+15 8.20051000E+15
 8.20073000E+15 8.20061000E+15 8.20046000E+15 8.19983000E+15 8.19908938E+15
 8.19832000E+15 8.19659000E+15 8.19582000E+15 8.19614000E+15 8.19578000E+15
 8.19443000E+15 8.19433000E+15 8.19409000E+15 8.19390000E+15 8.19313000E+15
 8.19204000E+15 8.19186000E+15 8.19075000E+15 8.19036000E+15 8.19014000E+15
 8.18964000E+15 8.18865000E+15 8.18854000E+15 8.18602000E+15 8.18356000E+15
 8.18139000E+15 8.17922000E+15 8.17531000E+15 8.17177000E+15 8.16855000E+15
 8.16551000E+15 8.16272000E+15 8.16009000E+15 8.14878062E+15 8.13972000E+15
 8.13193000E+15 8.12517062E+15 8.11378000E+15 8.09613000E+15 8.08266000E+15
 8.07175000E+15 8.05164000E+15 8.02728000E+15 8.00966000E+15 8.00328000E+15
 8.01789000E+15 8.11874000E+15 8.57638000E+15 9.45585000E+15 1.12656000E+16
 1.60516000E+16 1.60516000E+16 1.60558000E+16 1.60621000E+16 1.60675000E+16
 1.60736000E+16 1.60825000E+16 1.60901000E+16 1.60983000E+16 1.61101000E+16
 1.61198000E+16 1.61257000E+16 1.61334000E+16 1.61407000E+16 1.61471000E+16
 1.61553000E+16 1.61618000E+16 1.61698000E+16 1.61772000E+16 1.61833000E+16
 1.61906012E+16 1.61936000E+16 1.61960000E+16 1.61995000E+16 1.62021000E+16
 1.62040000E+16 1.62068000E+16 1.62088000E+16 1.62102000E+16 1.62112000E+16
 1.62116000E+16 1.62130000E+16 1.62134000E+16 1.62136000E+16 1.62137000E+16
 1.62140000E+16 1.62142000E+16 1.62147000E+16 1.62154000E+16 1.62155000E+16
 1.62160000E+16 1.62161000E+16 1.62162000E+16 1.62163000E+16 1.62166000E+16
 1.62166000E+16 1.62170000E+16 1.62169000E+16 1.62159000E+16 1.62156000E+16
 1.62145000E+16 1.62147000E+16 1.62121000E+16 1.62108000E+16 1.62095000E+16
 1.62082000E+16 1.62022000E+16 1.61967000E+16 1.61918000E+16 1.61874000E+16
 1.61798000E+16 1.61670000E+16 1.61568000E+16 1.61484000E+16 1.61322000E+16
 1.61111000E+16 1.60935000E+16 1.60831012E+16 1.60835000E+16 1.61357000E+16
 1.64243000E+16 1.70260000E+16 1.83399000E+16 3.97798000E+16 3.97798000E+16
 3.97883000E+16 3.98013000E+16 3.98124975E+16 3.98252000E+16 3.98441000E+16
 3.98602000E+16 3.98781000E+16 3.99044000E+16 3.99264000E+16 3.99401000E+16
 3.99583000E+16 3.99757975E+16 3.99916000E+16 4.00121000E+16 4.00290000E+16
 4.00508000E+16 4.00714000E+16 4.00894000E+16 4.01122000E+16 4.01223000E+16
 4.01304000E+16 4.01432000E+16 4.01531000E+16 4.01611000E+16 4.01735000E+16
 4.01835000E+16 4.01907000E+16 4.01972000E+16 4.02027000E+16 4.02076000E+16
 4.02098000E+16 4.02118975E+16 4.02123000E+16 4.02142000E+16 4.02158000E+16
 4.02194025E+16 4.02256000E+16 4.02265000E+16 4.02310000E+16 4.02328000E+16
 4.02338000E+16 4.02359000E+16 4.02393000E+16 4.02397000E+16 4.02480000E+16
 4.02546000E+16 4.02599000E+16 4.02644000E+16 4.02715000E+16 4.02770000E+16
 4.02812975E+16 4.02849000E+16 4.02879000E+16 4.02905000E+16 4.02988000E+16
 4.03035000E+16 4.03066000E+16 4.03087000E+16 4.03109000E+16 4.03129000E+16
 4.03119000E+16 4.03108000E+16 4.03075000E+16 4.03009000E+16 4.02944000E+16
 4.02903000E+16 4.02920000E+16 4.03234000E+16 4.04969000E+16 4.08661000E+16
 4.16935000E+16 7.93133000E+16 7.93133000E+16 7.93277000E+16 7.93496000E+16
 7.93685000E+16 7.93901000E+16 7.94225000E+16 7.94504000E+16 7.94815000E+16
 7.95277000E+16 7.95669000E+16 7.95915000E+16 7.96244000E+16 7.96564000E+16
 7.96856000E+16 7.97240000E+16 7.97559000E+16 7.97978000E+16 7.98378000E+16
 7.98735000E+16 7.99196000E+16 7.99402000E+16 7.99571000E+16 7.99841000E+16
 8.00051000E+16 8.00224000E+16 8.00497000E+16 8.00710000E+16 8.00884000E+16
 8.01032000E+16 8.01161000E+16 8.01274000E+16 8.01326050E+16 8.01376000E+16
 8.01386000E+16 8.01423000E+16 8.01468000E+16 8.01552000E+16 8.01702000E+16
 8.01723000E+16 8.01831000E+16 8.01873000E+16 8.01895000E+16 8.01944000E+16
 8.02036000E+16 8.02045000E+16 8.02258000E+16 8.02430000E+16 8.02573000E+16
 8.02696000E+16 8.02899000E+16 8.03062000E+16 8.03197000E+16 8.03312000E+16
 8.03412000E+16 8.03500000E+16 8.03836000E+16 8.04052000E+16 8.04215000E+16
 8.04342000E+16 8.04535000E+16 8.04788000E+16 8.04947000E+16 8.05067950E+16
 8.05262000E+16 8.05476000E+16 8.05650000E+16 8.05799000E+16 8.06014000E+16
 8.06496000E+16 8.08038000E+16 8.10890000E+16 8.17022000E+16

