Created by Ckrill on 08/25/2021 This was created as a demo
5445 1.61800000E+00 2.17182800E+00 3.14159000E+00 144
 9.00000000E+00 7.00000000E+00 1.00000000E+00 2.00000000E+00 3.00000000E+00
 4.00000000E+00 5.00000000E+00 6.00000000E+00 7.00000000E+00 8.00000000E+00
 9.00000000E+00 2.55924171E-05 3.44679018E-05 4.30848772E-05 5.17018526E-05
 6.03188281E-05 6.89358035E-05 7.75527790E-05 1.00000000E+10 2.00000000E+10
 3.00000000E+10 4.00000000E+10 5.00000000E+10 6.00000000E+10 7.00000000E+10
 8.00000000E+10 9.00000000E+10 1.00000000E+11 1.10000000E+11 1.20000000E+11
 1.30000000E+11 1.40000000E+11 1.50000000E+11 1.60000000E+11 1.70000000E+11
 1.80000000E+11 1.90000000E+11 2.00000000E+11 2.10000000E+11 2.20000000E+11
 2.30000000E+11 2.40000000E+11 2.50000000E+11 2.60000000E+11 2.70000000E+11
 2.80000000E+11 2.90000000E+11 3.00000000E+11 3.10000000E+11 3.20000000E+11
 3.30000000E+11 3.40000000E+11 3.50000000E+11 3.60000000E+11 3.70000000E+11
 3.80000000E+11 3.90000000E+11 4.00000000E+11 4.10000000E+11 4.20000000E+11
 4.30000000E+11 4.40000000E+11 4.50000000E+11 4.60000000E+11 4.70000000E+11
 4.80000000E+11 4.90000000E+11 5.00000000E+11 5.10000000E+11 5.20000000E+11
 5.30000000E+11 5.40000000E+11 5.50000000E+11 5.60000000E+11 5.70000000E+11
 5.80000000E+11 5.90000000E+11 6.00000000E+11 6.10000000E+11 6.20000000E+11
 6.30000000E+11-2.00000000E+00-4.00000000E+00-6.00000000E+00-8.00000000E+00
-1.00000000E+01-1.20000000E+01-1.40000000E+01-1.60000000E+01-1.80000000E+01
-2.00000000E+01-2.20000000E+01-2.40000000E+01-2.60000000E+01-2.80000000E+01
-3.00000000E+01-3.20000000E+01-3.40000000E+01-3.60000000E+01-3.80000000E+01
-4.00000000E+01-4.20000000E+01-4.40000000E+01-4.60000000E+01-4.80000000E+01
-5.00000000E+01-5.20000000E+01-5.40000000E+01-5.60000000E+01-5.80000000E+01
-6.00000000E+01-6.20000000E+01-6.40000000E+01-6.60000000E+01-6.80000000E+01
-7.00000000E+01-7.20000000E+01-7.40000000E+01-7.60000000E+01-7.80000000E+01
-8.00000000E+01-8.20000000E+01-8.40000000E+01-8.60000000E+01-8.80000000E+01
-9.00000000E+01-9.20000000E+01-9.40000000E+01-9.60000000E+01-9.80000000E+01
-1.00000000E+02-1.02000000E+02-1.04000000E+02-1.06000000E+02-1.08000000E+02
-1.10000000E+02-1.12000000E+02-1.14000000E+02-1.16000000E+02-1.18000000E+02
-1.20000000E+02-1.22000000E+02-1.24000000E+02-1.26000000E+02
