EOS Table was created for material 750 on Aug-30-2021
750 2.00000000E+01 4.03040000E+01 3.58400000E+00 5514
 7.30000000E+01 3.70000000E+01 0.00000000E+00 3.58400000E-06 7.16800000E-06
 1.79200000E-05 3.58400000E-05 7.16800000E-05 1.79200000E-04 3.58400000E-04
 7.16800000E-04 1.79200000E-03 3.58400000E-03 5.37600000E-03 8.96000000E-03
 1.43360000E-02 2.15040000E-02 3.58400000E-02 5.37600000E-02 8.96000000E-02
 1.43360000E-01 2.15040000E-01 3.58400000E-01 4.48000000E-01 5.37600000E-01
 7.16800000E-01 8.96000000E-01 1.07520000E+00 1.43360000E+00 1.79200000E+00
 2.15040000E+00 2.50880000E+00 2.86720000E+00 3.22560000E+00 3.40480000E+00
 3.58400000E+00 3.61980000E+00 3.76320000E+00 3.94240000E+00 4.30080000E+00
 5.01760000E+00 5.12510000E+00 5.73440000E+00 5.98530000E+00 6.12860000E+00
 6.45120000E+00 7.09630000E+00 7.16800000E+00 8.96000000E+00 1.07520000E+01
 1.25440000E+01 1.43360000E+01 1.79200000E+01 2.15040000E+01 2.50880000E+01
 2.86720000E+01 3.22560000E+01 3.58400000E+01 5.37600000E+01 7.16800000E+01
 8.96000000E+01 1.07520000E+02 1.43360000E+02 2.15040000E+02 2.86720000E+02
 3.58400000E+02 5.37600000E+02 8.96000000E+02 1.43360000E+03 2.15040000E+03
 3.58400000E+03 7.16800000E+03 1.79200000E+04 3.58400000E+04 7.16800000E+04
 0.00000000E+00 1.24994884E-05 2.56919484E-05 4.99989534E-05 9.99959069E-05
 2.49999767E-04 4.99999534E-04 7.49989301E-04 9.99959069E-04 1.49993860E-03
 2.00001813E-03 2.49999767E-03 2.99997720E-03 3.99993627E-03 4.99989534E-03
 7.99987255E-03 9.99959069E-03 1.49993860E-02 2.00001813E-02 2.49999767E-02
 2.99997720E-02 3.99993627E-02 4.99989534E-02 7.99987255E-02 9.99959069E-02
 1.49993860E-01 2.49999767E-01 3.99993627E-01 5.99995441E-01 9.99959069E-01
 1.49993860E+00 2.49999767E+00 5.99995441E+00 9.99959069E+00 2.00001813E+01
 4.99989534E+01 9.99959069E+01 0.00000000E+00-6.57650000E+03-1.57500000E+04
-4.99680000E+04-1.19670000E+05-2.86610000E+05-9.09270000E+05-2.17760000E+06
-5.21530000E+06-1.65450000E+07-3.96250000E+07-6.60440000E+07-1.25700000E+08
-2.27260000E+08-3.78760000E+08-7.20860000E+08-1.20140000E+09-2.28610000E+09
-4.13150000E+09-6.88240000E+09-1.30830000E+10-1.73130000E+10-2.17590000E+10
-3.11790000E+10-4.11600000E+10-5.15700000E+10-7.32610000E+10-9.53930000E+10
-1.16560000E+11-1.33410000E+11-1.37480000E+11-1.09000000E+11-7.06720000E+10
-5.68660000E+09 1.09520000E+10 8.27430000E+10 1.84350000E+11 4.27770000E+11
 1.08100000E+12 1.19900000E+12 1.96760000E+12 2.33590000E+12 2.55990000E+12
 3.10020000E+12 4.33050000E+12 4.48090000E+12 9.15020000E+12 1.56050000E+13
 2.38980000E+13 3.40420000E+13 5.99660000E+13 9.34430000E+13 1.34450000E+14
 1.82980000E+14 2.38980000E+14 3.02420000E+14 7.28760000E+14 1.33170000E+15
 2.10460000E+15 3.04160000E+15 5.38810000E+15 1.18640000E+16 2.05600000E+16
 3.13360000E+16 6.67220000E+16 1.70200000E+17 3.97660000E+17 8.20050000E+17
 2.02230000E+18 6.79010000E+18 3.30560000E+19 1.08310000E+20 3.52450000E+20
 0.00000000E+00-3.88400000E+03-1.03550000E+04-3.64620000E+04-9.26530000E+04
-2.32590000E+05-7.74440000E+05-1.90850000E+06-4.67850000E+06-1.52090000E+07
-3.69630000E+07-6.20630000E+07-1.19090000E+08-2.16730000E+08-3.63020000E+08
-6.94770000E+08-1.16240000E+09-2.22140000E+09-4.02830000E+09-6.72640000E+09
-1.28100000E+10-1.69540000E+10-2.13000000E+10-3.04660000E+10-4.01200000E+10
-5.01590000E+10-7.11670000E+10-9.29750000E+10-1.14280000E+11-1.31570000E+11
-1.36170000E+11-1.08150000E+11-6.99960000E+10-5.15520000E+09 1.14580000E+10
 8.31620000E+10 1.84690000E+11 4.27990000E+11 1.08110000E+12 1.19900000E+12
 1.96760000E+12 2.33590000E+12 2.55990000E+12 3.10020000E+12 4.33050000E+12
 4.48090000E+12 9.15010000E+12 1.56050000E+13 2.38980000E+13 3.40420000E+13
 5.99660000E+13 9.34430000E+13 1.34450000E+14 1.82980000E+14 2.38980000E+14
 3.02420000E+14 7.28760000E+14 1.33170000E+15 2.10460000E+15 3.04160000E+15
 5.38810000E+15 1.18640000E+16 2.05600000E+16 3.13360000E+16 6.67220000E+16
 1.70200000E+17 3.97660000E+17 8.20050000E+17 2.02230000E+18 6.79010000E+18
 3.30560000E+19 1.08310000E+20 3.52450000E+20 0.00000000E+00-1.06660000E+03
-4.69720000E+03-2.22560000E+04-6.41740000E+04-1.75540000E+05-6.31670000E+05
-1.62300000E+06-4.10770000E+06-1.37850000E+07-3.41210000E+07-5.78050000E+07
-1.12010000E+08-2.05420000E+08-3.46100000E+08-6.66640000E+08-1.12030000E+09
-2.15140000E+09-3.91620000E+09-6.55780000E+09-1.25230000E+10-1.65870000E+10
-2.08440000E+10-2.97840000E+10-3.91110000E+10-4.86830000E+10-6.83450000E+10
-8.85720000E+10-1.08560000E+11-1.25150000E+11-1.29780000E+11-1.02370000E+11
-6.46580000E+10-3.09520000E+08 1.62040000E+10 8.75270000E+10 1.88620000E+11
 4.31190000E+11 1.08320000E+12 1.20110000E+12 1.96920000E+12 2.33730000E+12
 2.56120000E+12 3.10130000E+12 4.33140000E+12 4.48180000E+12 9.15070000E+12
 1.56060000E+13 2.38980000E+13 3.40430000E+13 5.99660000E+13 9.34430000E+13
 1.34450000E+14 1.82980000E+14 2.38980000E+14 3.02420000E+14 7.28760000E+14
 1.33170000E+15 2.10460000E+15 3.04160000E+15 5.38810000E+15 1.18640000E+16
 2.05600000E+16 3.13360000E+16 6.67220000E+16 1.70200000E+17 3.97660000E+17
 8.20050000E+17 2.02230000E+18 6.79010000E+18 3.30560000E+19 1.08310000E+20
 3.52450000E+20 0.00000000E+00 4.15050000E+03 5.77720000E+03 4.03520000E+03
-1.14750000E+04-6.99830000E+04-3.67500000E+05-1.09460000E+06-3.05160000E+06
-1.11490000E+07-2.88590000E+07-4.99220000E+07-9.88990000E+07-1.84480000E+08
-3.14750000E+08-6.14500000E+08-1.04220000E+09-2.02160000E+09-3.70870000E+09
-6.24620000E+09-1.19990000E+10-1.59230000E+10-2.00310000E+10-2.86300000E+10
-3.74850000E+10-4.64130000E+10-6.40180000E+10-8.12750000E+10-9.80350000E+10
-1.11860000E+11-1.14630000E+11-8.64770000E+10-4.88220000E+10 1.52150000E+10
 3.16410000E+10 1.02610000E+11 2.03240000E+11 4.44900000E+11 1.09520000E+12
 1.21280000E+12 1.97960000E+12 2.34740000E+12 2.57100000E+12 3.11050000E+12
 4.33960000E+12 4.49000000E+12 9.15680000E+12 1.56100000E+13 2.39020000E+13
 3.40460000E+13 5.99690000E+13 9.34450000E+13 1.34450000E+14 1.82980000E+14
 2.38980000E+14 3.02420000E+14 7.28770000E+14 1.33170000E+15 2.10460000E+15
 3.04160000E+15 5.38810000E+15 1.18640000E+16 2.05600000E+16 3.13360000E+16
 6.67220000E+16 1.70200000E+17 3.97660000E+17 8.20050000E+17 2.02230000E+18
 6.79010000E+18 3.30560000E+19 1.08310000E+20 3.52450000E+20 0.00000000E+00
 1.58320000E+04 2.90220000E+04 6.17230000E+04 1.03210000E+05 1.57960000E+05
 1.97460000E+05 2.78290000E+04-8.21570000E+05-5.62140000E+06-1.78710000E+07
-3.34980000E+07-7.16380000E+07-1.41010000E+08-2.49730000E+08-5.06490000E+08
-8.80570000E+08-1.75290000E+09-3.27960000E+09-5.60260000E+09-1.09210000E+10
-1.45670000E+10-1.83860000E+10-2.64250000E+10-3.42430000E+10-4.21500000E+10
-5.65450000E+10-6.86110000E+10-7.87720000E+10-8.59010000E+10-8.30560000E+10
-5.11090000E+10-1.23630000E+10 5.21880000E+10 6.86560000E+10 1.39760000E+11
 2.40500000E+11 4.82240000E+11 1.13250000E+12 1.25010000E+12 2.01660000E+12
 2.38420000E+12 2.60780000E+12 3.14710000E+12 4.37590000E+12 4.52620000E+12
 9.19180000E+12 1.56440000E+13 2.39340000E+13 3.40760000E+13 5.99960000E+13
 9.34690000E+13 1.34480000E+14 1.83000000E+14 2.38990000E+14 3.02440000E+14
 7.28780000E+14 1.33180000E+15 2.10460000E+15 3.04160000E+15 5.38810000E+15
 1.18640000E+16 2.05600000E+16 3.13360000E+16 6.67220000E+16 1.70200000E+17
 3.97660000E+17 8.20050000E+17 2.02230000E+18 6.79010000E+18 3.30560000E+19
 1.08310000E+20 3.52450000E+20 0.00000000E+00 5.29950000E+04 1.02530000E+05
 2.42740000E+05 4.61060000E+05 8.65360000E+05 1.93910000E+06 3.47210000E+06
 5.99270000E+06 1.11880000E+07 1.54410000E+07 1.62270000E+07 1.07770000E+07
-9.74000000E+06-5.34850000E+07-1.80600000E+08-3.92940000E+08-9.42260000E+08
-1.98500000E+09-3.66250000E+09-7.68270000E+09-1.05060000E+10-1.34890000E+10
-2.01350000E+10-2.45840000E+10-3.00480000E+10-3.76340000E+10-3.85460000E+10
-3.25690000E+10-2.06420000E+10 6.87800000E+08 4.74370000E+10 9.15120000E+10
 1.59760000E+11 1.76780000E+11 2.49970000E+11 3.53050000E+11 5.98870000E+11
 1.25600000E+12 1.37460000E+12 2.14650000E+12 2.51620000E+12 2.74100000E+12
 3.28310000E+12 4.51710000E+12 4.66800000E+12 9.34800000E+12 1.58140000E+13
 2.41160000E+13 3.42690000E+13 6.02070000E+13 9.36940000E+13 1.34710000E+14
 1.83240000E+14 2.39240000E+14 3.02690000E+14 7.29020000E+14 1.33200000E+15
 2.10480000E+15 3.04180000E+15 5.38820000E+15 1.18640000E+16 2.05600000E+16
 3.13360000E+16 6.67220000E+16 1.70200000E+17 3.97660000E+17 8.20050000E+17
 2.02230000E+18 6.79010000E+18 3.30560000E+19 1.08310000E+20 3.52450000E+20
 0.00000000E+00 1.35450000E+05 2.64120000E+05 6.35400000E+05 1.22880000E+06
 2.36510000E+06 5.56970000E+06 1.05550000E+07 1.98110000E+07 4.46280000E+07
 8.07390000E+07 1.12850000E+08 1.69130000E+08 2.39880000E+08 3.16320000E+08
 4.26560000E+08 5.07600000E+08 5.39080000E+08 3.60060000E+08-1.70980000E+08
-1.88840000E+09-3.23610000E+09-4.62580000E+09-6.34740000E+09-6.93870000E+09
-8.49760000E+09-6.83870000E+09 5.68870000E+09 3.16160000E+10 6.97010000E+10
 1.19680000E+11 1.92360000E+11 2.46870000E+11 3.23250000E+11 3.41630000E+11
 4.19940000E+11 5.28870000E+11 7.85010000E+11 1.45970000E+12 1.58070000E+12
 2.36570000E+12 2.74080000E+12 2.96850000E+12 3.51730000E+12 4.76460000E+12
 4.91690000E+12 9.63330000E+12 1.61350000E+13 2.44740000E+13 3.46620000E+13
 6.06690000E+13 9.42220000E+13 1.35300000E+14 1.83890000E+14 2.39950000E+14
 3.03440000E+14 7.29980000E+14 1.33310000E+15 2.10600000E+15 3.04300000E+15
 5.38940000E+15 1.18650000E+16 2.05610000E+16 3.13370000E+16 6.67220000E+16
 1.70200000E+17 3.97660000E+17 8.20050000E+17 2.02230000E+18 6.79010000E+18
 3.30560000E+19 1.08310000E+20 3.52450000E+20 0.00000000E+00 2.36610000E+05
 4.61390000E+05 1.11120000E+06 2.15330000E+06 4.15870000E+06 9.86900000E+06
 1.88770000E+07 3.59110000E+07 8.31670000E+07 1.55400000E+08 2.22850000E+08
 3.48560000E+08 5.21660000E+08 7.32690000E+08 1.10880000E+09 1.51900000E+09
 2.20520000E+09 3.01010000E+09 3.80950000E+09 4.89000000E+09 5.45430000E+09
 6.14260000E+09 8.79890000E+09 1.25250000E+10 1.52170000E+10 2.59290000E+10
 4.99760000E+10 9.20800000E+10 1.51880000E+11 2.27240000E+11 3.24750000E+11
 3.89970000E+11 4.75210000E+11 4.95130000E+11 5.79320000E+11 6.95050000E+11
 9.63340000E+11 1.65860000E+12 1.78250000E+12 2.58290000E+12 2.96390000E+12
 3.19510000E+12 3.75140000E+12 5.01360000E+12 5.16750000E+12 9.92440000E+12
 1.64670000E+13 2.48450000E+13 3.50740000E+13 6.11600000E+13 9.47920000E+13
 1.35950000E+14 1.84610000E+14 2.40740000E+14 3.04310000E+14 7.31180000E+14
 1.33460000E+15 2.10770000E+15 3.04490000E+15 5.39170000E+15 1.18670000E+16
 2.05630000E+16 3.13390000E+16 6.67240000E+16 1.70200000E+17 3.97660000E+17
 8.20050000E+17 2.02230000E+18 6.79010000E+18 3.30560000E+19 1.08310000E+20
 3.52450000E+20 0.00000000E+00 3.54230000E+05 6.90250000E+05 1.66140000E+06
 3.21900000E+06 6.21950000E+06 1.47840000E+07 2.83470000E+07 5.41460000E+07
 1.26520000E+08 2.38980000E+08 3.45630000E+08 5.48120000E+08 8.34120000E+08
 1.19340000E+09 1.86190000E+09 2.63420000E+09 4.04180000E+09 5.93410000E+09
 8.21030000E+09 1.23910000E+10 1.50200000E+10 1.78740000E+10 2.50820000E+10
 3.34660000E+10 4.08100000E+10 6.10620000E+10 9.62060000E+10 1.52860000E+11
 2.31880000E+11 3.30210000E+11 4.51180000E+11 5.26960000E+11 6.21240000E+11
 6.42770000E+11 7.33160000E+11 8.56130000E+11 1.13750000E+12 1.85520000E+12
 1.98220000E+12 2.79910000E+12 3.18660000E+12 3.42150000E+12 3.98600000E+12
 5.26400000E+12 5.41970000E+12 1.02190000E+13 1.68040000E+13 2.52240000E+13
 3.54950000E+13 6.16650000E+13 9.53790000E+13 1.36620000E+14 1.85360000E+14
 2.41570000E+14 3.05220000E+14 7.32470000E+14 1.33620000E+15 2.10970000E+15
 3.04720000E+15 5.39450000E+15 1.18710000E+16 2.05670000E+16 3.13430000E+16
 6.67290000E+16 1.70200000E+17 3.97660000E+17 8.20060000E+17 2.02230000E+18
 6.79010000E+18 3.30560000E+19 1.08310000E+20 3.52450000E+20 0.00000000E+00
 6.32480000E+05 1.23100000E+06 2.95850000E+06 5.72690000E+06 1.10570000E+07
 2.62740000E+07 5.04070000E+07 9.64460000E+07 2.26480000E+08 4.30640000E+08
 6.26340000E+08 1.00260000E+09 1.54330000E+09 2.23610000E+09 3.56100000E+09
 5.14460000E+09 8.16590000E+09 1.24880000E+10 1.80550000E+10 2.90760000E+10
 3.61820000E+10 4.36710000E+10 6.05570000E+10 7.89770000E+10 9.65250000E+10
 1.37640000E+11 1.95590000E+11 2.79790000E+11 3.93570000E+11 5.33450000E+11
 6.98150000E+11 7.94320000E+11 9.06660000E+11 9.31480000E+11 1.03460000E+12
 1.17270000E+12 1.48180000E+12 2.24780000E+12 2.38150000E+12 3.23410000E+12
 3.63570000E+12 3.87840000E+12 4.46030000E+12 5.77220000E+12 5.93160000E+12
 1.08220000E+13 1.74940000E+13 2.60020000E+13 3.63590000E+13 6.27020000E+13
 9.65880000E+13 1.38000000E+14 1.86910000E+14 2.43290000E+14 3.07100000E+14
 7.35180000E+14 1.33970000E+15 2.11400000E+15 3.05220000E+15 5.40080000E+15
 1.18800000E+16 2.05780000E+16 3.13550000E+16 6.67430000E+16 1.70220000E+17
 3.97680000E+17 8.20070000E+17 2.02230000E+18 6.79010000E+18 3.30560000E+19
 1.08310000E+20 3.52450000E+20 0.00000000E+00 9.60560000E+05 1.86830000E+06
 4.48630000E+06 8.67810000E+06 1.67430000E+07 3.97490000E+07 7.62170000E+07
 1.45790000E+08 3.42490000E+08 6.52150000E+08 9.49870000E+08 1.52460000E+09
 2.35500000E+09 3.42600000E+09 5.49290000E+09 7.99080000E+09 1.28250000E+10
 1.98660000E+10 2.90990000E+10 4.76620000E+10 5.96470000E+10 7.21450000E+10
 9.94080000E+10 1.28600000E+11 1.57220000E+11 2.21170000E+11 3.03440000E+11
 4.15270000E+11 5.61990000E+11 7.40430000E+11 9.46240000E+11 1.06210000E+12
 1.19240000E+12 1.22060000E+12 1.33670000E+12 1.49040000E+12 1.82850000E+12
 2.64580000E+12 2.78670000E+12 3.67780000E+12 4.09450000E+12 4.34560000E+12
 4.94610000E+12 6.29420000E+12 6.45760000E+12 1.14430000E+13 1.82080000E+13
 2.68070000E+13 3.72540000E+13 6.37750000E+13 9.78380000E+13 1.39420000E+14
 1.88510000E+14 2.45060000E+14 3.09050000E+14 7.37980000E+14 1.34330000E+15
 2.11840000E+15 3.05740000E+15 5.40760000E+15 1.18890000E+16 2.05900000E+16
 3.13700000E+16 6.67610000E+16 1.70240000E+17 3.97700000E+17 8.20090000E+17
 2.02230000E+18 6.79010000E+18 3.30560000E+19 1.08310000E+20 3.52450000E+20
 0.00000000E+00 1.33190000E+06 2.59000000E+06 6.21670000E+06 1.20210000E+07
 2.31820000E+07 5.49990000E+07 1.05400000E+08 2.01490000E+08 4.73120000E+08
 9.00880000E+08 1.31250000E+09 2.10820000E+09 3.26040000E+09 4.75020000E+09
 7.63640000E+09 1.11410000E+10 1.79650000E+10 2.79790000E+10 4.12000000E+10
 6.79130000E+10 8.51290000E+10 1.02970000E+11 1.41240000E+11 1.81840000E+11
 2.22170000E+11 3.10430000E+11 4.18480000E+11 5.58780000E+11 7.38240000E+11
 9.54140000E+11 1.19990000E+12 1.33510000E+12 1.48340000E+12 1.51500000E+12
 1.64450000E+12 1.81410000E+12 2.18230000E+12 3.05360000E+12 3.20210000E+12
 4.13390000E+12 4.56650000E+12 4.82650000E+12 5.44690000E+12 6.83310000E+12
 7.00070000E+12 1.20870000E+13 1.89470000E+13 2.76400000E+13 3.81800000E+13
 6.48850000E+13 9.91280000E+13 1.40890000E+14 1.90160000E+14 2.46890000E+14
 3.11050000E+14 7.40850000E+14 1.34710000E+15 2.12300000E+15 3.06280000E+15
 5.41460000E+15 1.18990000E+16 2.06030000E+16 3.13850000E+16 6.67830000E+16
 1.70270000E+17 3.97730000E+17 8.20120000E+17 2.02230000E+18 6.79020000E+18
 3.30560000E+19 1.08310000E+20 3.52450000E+20 0.00000000E+00 1.74170000E+06
 3.38660000E+06 8.12840000E+06 1.57160000E+07 3.03020000E+07 7.18620000E+07
 1.37660000E+08 2.63040000E+08 6.17210000E+08 1.17480000E+09 1.71130000E+09
 2.74890000E+09 4.25250000E+09 6.19880000E+09 9.97580000E+09 1.45720000E+10
 2.35480000E+10 3.67660000E+10 5.42680000E+10 8.96750000E+10 1.12440000E+11
 1.35930000E+11 1.85800000E+11 2.38330000E+11 2.90960000E+11 4.04700000E+11
 5.39740000E+11 7.09460000E+11 9.21990000E+11 1.17500000E+12 1.46030000E+12
 1.61500000E+12 1.78150000E+12 1.81650000E+12 1.95960000E+12 2.14570000E+12
 2.54510000E+12 3.47310000E+12 3.62950000E+12 4.60420000E+12 5.05370000E+12
 5.32310000E+12 5.96420000E+12 7.39060000E+12 7.56260000E+12 1.27530000E+13
 1.97140000E+13 2.85040000E+13 3.91390000E+13 6.60310000E+13 1.00460000E+14
 1.42410000E+14 1.91850000E+14 2.48770000E+14 3.13110000E+14 7.43790000E+14
 1.35090000E+15 2.12760000E+15 3.06830000E+15 5.42180000E+15 1.19100000E+16
 2.06160000E+16 3.14020000E+16 6.68060000E+16 1.70300000E+17 3.97780000E+17
 8.20170000E+17 2.02240000E+18 6.79020000E+18 3.30560000E+19 1.08310000E+20
 3.52450000E+20 0.00000000E+00 2.66150000E+06 5.17700000E+06 1.24300000E+07
 2.40390000E+07 4.63570000E+07 1.09930000E+08 2.10500000E+08 4.02000000E+08
 9.42240000E+08 1.79170000E+09 2.60870000E+09 4.18780000E+09 6.47620000E+09
 9.43940000E+09 1.51950000E+10 2.22080000E+10 3.59300000E+10 5.61810000E+10
 8.30360000E+10 1.37310000E+11 1.72050000E+11 2.07680000E+11 2.82290000E+11
 3.60220000E+11 4.38860000E+11 6.06540000E+11 7.98500000E+11 1.02950000E+12
 1.30970000E+12 1.63750000E+12 2.00210000E+12 2.19590000E+12 2.39970000E+12
 2.44190000E+12 2.61330000E+12 2.83390000E+12 3.29940000E+12 4.34870000E+12
 4.52220000E+12 5.58950000E+12 6.07540000E+12 6.36510000E+12 7.05120000E+12
 8.56400000E+12 8.74540000E+12 1.41600000E+13 2.13320000E+13 3.03250000E+13
 4.11600000E+13 6.84410000E+13 1.03250000E+14 1.45570000E+14 1.95390000E+14
 2.52680000E+14 3.17380000E+14 7.49870000E+14 1.35870000E+15 2.13720000E+15
 3.07970000E+15 5.43660000E+15 1.19310000E+16 2.06440000E+16 3.14360000E+16
 6.68550000E+16 1.70380000E+17 3.97880000E+17 8.20300000E+17 2.02250000E+18
 6.79030000E+18 3.30560000E+19 1.08310000E+20 3.52450000E+20 0.00000000E+00
 3.69630000E+06 7.19420000E+06 1.72880000E+07 3.34500000E+07 6.45360000E+07
 1.53100000E+08 2.93230000E+08 5.59920000E+08 1.31170000E+09 2.49240000E+09
 3.62690000E+09 5.81830000E+09 8.99180000E+09 1.30990000E+10 2.10730000E+10
 3.07870000E+10 4.97920000E+10 7.78350000E+10 1.15000000E+11 1.89920000E+11
 2.37690000E+11 2.86440000E+11 3.87720000E+11 4.92860000E+11 5.99250000E+11
 8.24210000E+11 1.07630000E+12 1.37150000E+12 1.72140000E+12 2.12510000E+12
 2.56970000E+12 2.80360000E+12 3.04600000E+12 3.09570000E+12 3.29670000E+12
 3.55370000E+12 4.08960000E+12 5.27030000E+12 5.46260000E+12 6.63170000E+12
 7.15760000E+12 7.46990000E+12 8.20540000E+12 9.81350000E+12 1.00050000E+13
 1.56640000E+13 2.30630000E+13 3.22740000E+13 4.33190000E+13 7.10080000E+13
 1.06220000E+14 1.48930000E+14 1.99130000E+14 2.56790000E+14 3.21880000E+14
 7.56210000E+14 1.36690000E+15 2.14720000E+15 3.09140000E+15 5.45180000E+15
 1.19530000E+16 2.06730000E+16 3.14710000E+16 6.69060000E+16 1.70460000E+17
 3.98000000E+17 8.20450000E+17 2.02270000E+18 6.79050000E+18 3.30560000E+19
 1.08310000E+20 3.52450000E+20 0.00000000E+00 7.33740000E+06 1.43120000E+07
 3.44930000E+07 6.68950000E+07 1.29350000E+08 3.07710000E+08 5.90320000E+08
 1.12850000E+09 2.64490000E+09 5.02260000E+09 7.30320000E+09 1.17000000E+10
 1.80530000E+10 2.62560000E+10 4.21430000E+10 6.14480000E+10 9.91020000E+10
 1.54460000E+11 2.27490000E+11 3.73580000E+11 4.65820000E+11 5.59200000E+11
 7.50380000E+11 9.46510000E+11 1.14510000E+12 1.55890000E+12 2.00700000E+12
 2.50830000E+12 3.07800000E+12 3.71710000E+12 4.40860000E+12 4.76660000E+12
 5.13060000E+12 5.20410000E+12 5.50020000E+12 5.87480000E+12 6.64140000E+12
 8.26380000E+12 8.52010000E+12 1.00420000E+13 1.07080000E+13 1.10990000E+13
 1.20080000E+13 1.39540000E+13 1.41820000E+13 2.07080000E+13 2.89030000E+13
 3.88600000E+13 5.06170000E+13 7.96600000E+13 1.16160000E+14 1.60130000E+14
 2.11560000E+14 2.70420000E+14 3.36700000E+14 7.76820000E+14 1.39310000E+15
 2.17890000E+15 3.12860000E+15 5.49970000E+15 1.20220000E+16 2.07630000E+16
 3.15810000E+16 6.70660000E+16 1.70710000E+17 3.98380000E+17 8.20980000E+17
 2.02350000E+18 6.79150000E+18 3.30570000E+19 1.08310000E+20 3.52450000E+20
 0.00000000E+00 1.01080000E+07 1.97440000E+07 4.76820000E+07 9.26210000E+07
 1.79390000E+08 4.27660000E+08 8.21690000E+08 1.57290000E+09 3.69090000E+09
 7.01200000E+09 1.01960000E+10 1.63300000E+10 2.51830000E+10 3.66010000E+10
 5.86810000E+10 8.54650000E+10 1.37600000E+11 2.14040000E+11 3.14580000E+11
 5.14810000E+11 6.40640000E+11 7.67580000E+11 1.02600000E+12 1.28960000E+12
 1.55630000E+12 2.10810000E+12 2.69810000E+12 3.34670000E+12 4.07120000E+12
 4.87330000E+12 5.73460000E+12 6.17830000E+12 6.62710000E+12 6.71740000E+12
 7.08030000E+12 7.53830000E+12 8.46990000E+12 1.04150000E+13 1.07180000E+13
 1.25030000E+13 1.32750000E+13 1.37270000E+13 1.47700000E+13 1.69750000E+13
 1.72320000E+13 2.44370000E+13 3.32600000E+13 4.38030000E+13 5.61130000E+13
 8.61880000E+13 1.23650000E+14 1.68540000E+14 2.20860000E+14 2.80590000E+14
 3.47710000E+14 7.91900000E+14 1.41210000E+15 2.20170000E+15 3.15510000E+15
 5.53360000E+15 1.20710000E+16 2.08250000E+16 3.16580000E+16 6.71770000E+16
 1.70890000E+17 3.98660000E+17 8.21380000E+17 2.02410000E+18 6.79250000E+18
 3.30590000E+19 1.08310000E+20 3.52450000E+20 0.00000000E+00 1.78510000E+07
 3.49840000E+07 8.48760000E+07 1.65480000E+08 3.21740000E+08 7.71080000E+08
 1.48740000E+09 2.85790000E+09 6.73470000E+09 1.28240000E+10 1.86640000E+10
 2.99090000E+10 4.61170000E+10 6.69880000E+10 1.07240000E+11 1.55920000E+11
 2.50290000E+11 3.87920000E+11 5.67890000E+11 9.23280000E+11 1.14480000E+12
 1.36690000E+12 1.81480000E+12 2.26760000E+12 2.72390000E+12 3.65760000E+12
 4.63590000E+12 5.68300000E+12 6.82010000E+12 8.05140000E+12 9.35560000E+12
 1.00230000E+13 1.06940000E+13 1.08280000E+13 1.13670000E+13 1.20450000E+13
 1.34160000E+13 1.62290000E+13 1.66610000E+13 1.91680000E+13 2.02340000E+13
 2.08520000E+13 2.22680000E+13 2.52080000E+13 2.55460000E+13 3.47090000E+13
 4.53800000E+13 5.76720000E+13 7.16390000E+13 1.04800000E+14 1.45110000E+14
 1.92660000E+14 2.47500000E+14 3.09670000E+14 3.79140000E+14 8.34360000E+14
 1.46490000E+15 2.26460000E+15 3.22780000E+15 5.62540000E+15 1.22000000E+16
 2.09910000E+16 3.18590000E+16 6.74660000E+16 1.71350000E+17 3.99370000E+17
 8.22410000E+17 2.02570000E+18 6.79530000E+18 3.30630000E+19 1.08320000E+20
 3.52460000E+20 0.00000000E+00 2.63730000E+07 5.18260000E+07 1.26230000E+08
 2.46880000E+08 4.81590000E+08 1.15960000E+09 2.24500000E+09 4.32940000E+09
 1.02490000E+10 1.95750000E+10 2.85300000E+10 4.57850000E+10 7.06570000E+10
 1.02670000E+11 1.64330000E+11 2.38760000E+11 3.82700000E+11 5.91870000E+11
 8.64270000E+11 1.39910000E+12 1.73060000E+12 2.06170000E+12 2.72550000E+12
 3.39290000E+12 4.06280000E+12 5.42390000E+12 6.83250000E+12 8.31640000E+12
 9.90030000E+12 1.15900000E+13 1.33640000E+13 1.42670000E+13 1.51730000E+13
 1.53540000E+13 1.60810000E+13 1.69930000E+13 1.88320000E+13 2.25770000E+13
 2.31480000E+13 2.64410000E+13 2.78280000E+13 2.86290000E+13 3.04550000E+13
 3.42090000E+13 3.46360000E+13 4.60100000E+13 5.88180000E+13 7.31690000E+13
 8.91160000E+13 1.26010000E+14 1.69780000E+14 2.20570000E+14 2.78450000E+14
 3.43500000E+14 4.15730000E+14 8.83490000E+14 1.52540000E+15 2.33590000E+15
 3.30950000E+15 5.72730000E+15 1.23400000E+16 2.11690000E+16 3.20740000E+16
 6.77720000E+16 1.71830000E+17 4.00110000E+17 8.23480000E+17 2.02740000E+18
 6.79840000E+18 3.30690000E+19 1.08320000E+20 3.52470000E+20 0.00000000E+00
 3.53730000E+07 6.96710000E+07 1.70240000E+08 3.33840000E+08 6.53120000E+08
 1.57890000E+09 3.06690000E+09 5.93430000E+09 1.41110000E+10 2.70340000E+10
 3.94650000E+10 6.34440000E+10 9.80360000E+10 1.42560000E+11 2.28310000E+11
 3.31720000E+11 5.31370000E+11 8.20840000E+11 1.19670000E+12 1.93170000E+12
 2.38550000E+12 2.83740000E+12 3.74000000E+12 4.64340000E+12 5.54790000E+12
 7.37570000E+12 9.25140000E+12 1.12060000E+13 1.32680000E+13 1.54440000E+13
 1.77120000E+13 1.88640000E+13 2.00170000E+13 2.02480000E+13 2.11720000E+13
 2.23310000E+13 2.46630000E+13 2.93920000E+13 3.01110000E+13 3.42350000E+13
 3.59630000E+13 3.69580000E+13 3.92220000E+13 4.38450000E+13 4.43690000E+13
 5.81260000E+13 7.32670000E+13 8.98940000E+13 1.08060000E+14 1.49200000E+14
 1.96960000E+14 2.51510000E+14 3.12950000E+14 3.81360000E+14 4.56800000E+14
 9.38870000E+14 1.59340000E+15 2.41550000E+15 3.40020000E+15 5.83930000E+15
 1.24930000E+16 2.13600000E+16 3.23040000E+16 6.80940000E+16 1.72330000E+17
 4.00870000E+17 8.24590000E+17 2.02920000E+18 6.80180000E+18 3.30760000E+19
 1.08330000E+20 3.52480000E+20 0.00000000E+00 4.46740000E+07 8.81580000E+07
 2.16000000E+08 4.24550000E+08 8.32590000E+08 2.01990000E+09 3.93470000E+09
 7.63640000E+09 1.82320000E+10 3.50350000E+10 5.12310000E+10 8.25140000E+10
 1.27690000E+11 1.85880000E+11 2.97960000E+11 4.33080000E+11 6.93740000E+11
 1.07100000E+12 1.56000000E+12 2.51320000E+12 3.10000000E+12 3.68320000E+12
 4.84470000E+12 6.00340000E+12 7.16080000E+12 9.49040000E+12 1.18660000E+13
 1.43220000E+13 1.68900000E+13 1.95790000E+13 2.23650000E+13 2.37770000E+13
 2.51890000E+13 2.54720000E+13 2.66020000E+13 2.80200000E+13 3.08680000E+13
 3.66270000E+13 3.75000000E+13 4.24950000E+13 4.45820000E+13 4.57810000E+13
 4.85040000E+13 5.40410000E+13 5.46660000E+13 7.09400000E+13 8.85600000E+13
 1.07620000E+14 1.28180000E+14 1.73950000E+14 2.26130000E+14 2.84890000E+14
 3.50330000E+14 4.22560000E+14 5.01640000E+14 9.99910000E+14 1.66840000E+15
 2.50320000E+15 3.49990000E+15 5.96150000E+15 1.26570000E+16 2.15650000E+16
 3.25470000E+16 6.84320000E+16 1.72860000E+17 4.01660000E+17 8.25730000E+17
 2.03100000E+18 6.80520000E+18 3.30840000E+19 1.08340000E+20 3.52490000E+20
 0.00000000E+00 6.37750000E+07 1.26230000E+08 3.10620000E+08 6.12700000E+08
 1.20630000E+09 2.94330000E+09 5.76050000E+09 1.12370000E+10 2.70200000E+10
 5.22070000E+10 7.65810000E+10 1.23810000E+11 1.92200000E+11 2.80450000E+11
 4.50650000E+11 6.55950000E+11 1.05180000E+12 1.62390000E+12 2.36350000E+12
 3.79960000E+12 4.68030000E+12 5.55310000E+12 7.28420000E+12 9.00360000E+12
 1.07150000E+13 1.41400000E+13 1.76020000E+13 2.11430000E+13 2.48000000E+13
 2.85850000E+13 3.24750000E+13 3.44390000E+13 3.64020000E+13 3.67930000E+13
 3.83630000E+13 4.03280000E+13 4.42710000E+13 5.22140000E+13 5.34130000E+13
 6.02560000E+13 6.31010000E+13 6.47340000E+13 6.84290000E+13 7.59070000E+13
 7.67470000E+13 9.83730000E+13 1.21290000E+14 1.45590000E+14 1.71310000E+14
 2.27200000E+14 2.89170000E+14 3.57360000E+14 4.31900000E+14 5.12880000E+14
 6.00380000E+14 1.13650000E+15 1.83740000E+15 2.70130000E+15 3.72470000E+15
 6.23570000E+15 1.30210000E+16 2.20130000E+16 3.30770000E+16 6.91580000E+16
 1.73960000E+17 4.03310000E+17 8.28090000E+17 2.03480000E+18 6.81230000E+18
 3.31000000E+19 1.08370000E+20 3.52530000E+20 0.00000000E+00 8.31860000E+07
 1.65000000E+08 4.07330000E+08 8.05640000E+08 1.59080000E+09 3.89840000E+09
 7.65820000E+09 1.49990000E+10 3.62760000E+10 7.04210000E+10 1.03580000E+11
 1.68040000E+11 2.61670000E+11 3.82750000E+11 6.16730000E+11 8.99330000E+11
 1.44450000E+12 2.23230000E+12 3.24970000E+12 5.22080000E+12 6.42670000E+12
 7.61970000E+12 9.97980000E+12 1.23170000E+13 1.46380000E+13 1.92650000E+13
 2.39140000E+13 2.86350000E+13 3.34700000E+13 3.84380000E+13 4.35110000E+13
 4.60660000E+13 4.86180000E+13 4.91280000E+13 5.11670000E+13 5.37190000E+13
 5.88320000E+13 6.91050000E+13 7.06530000E+13 7.94650000E+13 8.31180000E+13
 8.52130000E+13 8.99450000E+13 9.94910000E+13 1.00560000E+14 1.27890000E+14
 1.56470000E+14 1.86380000E+14 2.17660000E+14 2.84500000E+14 3.57180000E+14
 4.35830000E+14 5.20540000E+14 6.11410000E+14 7.08530000E+14 1.28870000E+15
 2.02810000E+15 2.92610000E+15 3.98060000E+15 6.54770000E+15 1.34320000E+16
 2.25150000E+16 3.36650000E+16 6.99500000E+16 1.75140000E+17 4.05050000E+17
 8.30550000E+17 2.03860000E+18 6.81960000E+18 3.31170000E+19 1.08400000E+20
 3.52580000E+20 0.00000000E+00 1.42900000E+08 2.82200000E+08 7.00570000E+08
 1.39230000E+09 2.76410000E+09 6.82880000E+09 1.35090000E+10 2.66690000E+10
 6.52690000E+10 1.27970000E+11 1.89410000E+11 3.09780000E+11 4.86010000E+11
 7.15500000E+11 1.16190000E+12 1.70400000E+12 2.75430000E+12 4.27620000E+12
 6.24320000E+12 1.00490000E+13 1.23710000E+13 1.46630000E+13 1.91820000E+13
 2.36370000E+13 2.80440000E+13 3.67750000E+13 4.54630000E+13 5.41830000E+13
 6.29930000E+13 7.19240000E+13 8.09510000E+13 8.54770000E+13 8.99910000E+13
 9.08920000E+13 9.44950000E+13 9.89970000E+13 1.08000000E+14 1.26000000E+14
 1.28700000E+14 1.44030000E+14 1.50360000E+14 1.53980000E+14 1.62130000E+14
 1.78510000E+14 1.80330000E+14 2.26470000E+14 2.73680000E+14 3.22080000E+14
 3.71710000E+14 4.74860000E+14 5.83330000E+14 6.97220000E+14 8.16610000E+14
 9.41570000E+14 1.07220000E+15 1.81060000E+15 2.69340000E+15 3.72200000E+15
 4.89620000E+15 7.67750000E+15 1.49260000E+16 2.43260000E+16 3.57670000E+16
 7.27270000E+16 1.79160000E+17 4.10820000E+17 8.38580000E+17 2.05100000E+18
 6.84260000E+18 3.31700000E+19 1.08500000E+20 3.52760000E+20 0.00000000E+00
 1.80640000E+08 3.60130000E+08 8.95810000E+08 1.79480000E+09 3.54760000E+09
 8.79130000E+09 1.74390000E+10 3.45340000E+10 8.49310000E+10 1.67240000E+11
 2.48220000E+11 4.07470000E+11 6.41630000E+11 9.47700000E+11 1.54550000E+12
 2.27400000E+12 3.69050000E+12 5.74910000E+12 8.41460000E+12 1.35780000E+13
 1.67290000E+13 1.98380000E+13 2.59630000E+13 3.19950000E+13 3.79560000E+13
 4.97420000E+13 6.14340000E+13 7.31190000E+13 8.48710000E+13 9.67260000E+13
 1.08660000E+14 1.14630000E+14 1.20590000E+14 1.21780000E+14 1.26530000E+14
 1.32460000E+14 1.44310000E+14 1.67970000E+14 1.71520000E+14 1.91610000E+14
 1.99890000E+14 2.04620000E+14 2.15280000E+14 2.36630000E+14 2.39000000E+14
 2.98830000E+14 3.59580000E+14 4.21390000E+14 4.84340000E+14 6.13850000E+14
 7.48370000E+14 8.88010000E+14 1.03280000E+15 1.18300000E+15 1.33850000E+15
 2.19680000E+15 3.19200000E+15 4.32560000E+15 5.59810000E+15 8.55800000E+15
 1.61100000E+16 2.57670000E+16 3.74380000E+16 7.49060000E+16 1.82230000E+17
 4.15140000E+17 8.44460000E+17 2.05990000E+18 6.85870000E+18 3.32070000E+19
 1.08570000E+20 3.52890000E+20 0.00000000E+00 2.77240000E+08 5.53640000E+08
 1.38070000E+09 2.75510000E+09 5.49470000E+09 1.36720000E+10 2.72220000E+10
 5.41410000E+10 1.34070000E+11 2.65680000E+11 3.95960000E+11 6.53770000E+11
 1.03550000E+12 1.53790000E+12 2.52630000E+12 3.74000000E+12 6.11730000E+12
 9.59770000E+12 1.41300000E+13 2.29510000E+13 2.83480000E+13 3.36790000E+13
 4.41860000E+13 5.45330000E+13 6.47540000E+13 8.49280000E+13 1.04870000E+14
 1.24710000E+14 1.44540000E+14 1.64410000E+14 1.84310000E+14 1.94250000E+14
 2.04150000E+14 2.06120000E+14 2.14020000E+14 2.23870000E+14 2.43520000E+14
 2.82650000E+14 2.88500000E+14 3.21610000E+14 3.35220000E+14 3.42990000E+14
 3.60470000E+14 3.95390000E+14 3.99270000E+14 4.96400000E+14 5.93970000E+14
 6.92230000E+14 7.91310000E+14 9.92320000E+14 1.19750000E+15 1.40690000E+15
 1.62100000E+15 1.83960000E+15 2.06300000E+15 3.25210000E+15 4.56380000E+15
 5.99990000E+15 7.56110000E+15 1.10600000E+16 1.95580000E+16 3.00270000E+16
 4.24150000E+16 8.14210000E+16 1.91320000E+17 4.27590000E+17 8.61080000E+17
 2.08440000E+18 6.90180000E+18 3.33030000E+19 1.08750000E+20 3.53230000E+20
 0.00000000E+00 4.74200000E+08 9.48750000E+08 2.35270000E+09 4.74680000E+09
 9.49480000E+09 2.37350000E+10 4.65890000E+10 9.29610000E+10 2.31430000E+11
 4.60890000E+11 6.89230000E+11 1.14350000E+12 1.82040000E+12 2.71680000E+12
 4.49410000E+12 6.69400000E+12 1.10410000E+13 1.74690000E+13 2.59120000E+13
 4.24950000E+13 5.27050000E+13 6.28240000E+13 8.28350000E+13 1.02600000E+14
 1.22170000E+14 1.60840000E+14 1.99080000E+14 2.37040000E+14 2.74860000E+14
 3.12600000E+14 3.50270000E+14 3.69050000E+14 3.87770000E+14 3.91500000E+14
 4.06420000E+14 4.25030000E+14 4.62130000E+14 5.35890000E+14 5.46910000E+14
 6.09170000E+14 6.34720000E+14 6.49300000E+14 6.82070000E+14 7.47420000E+14
 7.54670000E+14 9.35380000E+14 1.11540000E+15 1.29530000E+15 1.47530000E+15
 1.83610000E+15 2.19900000E+15 2.56450000E+15 2.93300000E+15 3.30490000E+15
 3.68030000E+15 5.61390000E+15 7.64810000E+15 9.78660000E+15 1.20320000E+16
 1.68440000E+16 2.77680000E+16 4.04250000E+16 5.47990000E+16 9.81010000E+16
 2.14840000E+17 4.59390000E+17 9.02450000E+17 2.14310000E+18 7.00010000E+18
 3.35120000E+19 1.09140000E+20 3.53950000E+20 0.00000000E+00 7.58590000E+08
 1.51790000E+09 3.77350000E+09 7.59680000E+09 1.51990000E+10 3.80110000E+10
 7.60310000E+10 1.50660000E+11 3.76030000E+11 7.50690000E+11 1.12450000E+12
 1.87020000E+12 2.98510000E+12 4.46660000E+12 7.41630000E+12 1.10840000E+13
 1.83740000E+13 2.92220000E+13 4.35650000E+13 7.19500000E+13 8.95320000E+13
 1.07010000E+14 1.41730000E+14 1.76160000E+14 2.10360000E+14 2.78200000E+14
 3.45460000E+14 4.12330000E+14 4.78940000E+14 5.45410000E+14 6.11700000E+14
 6.44760000E+14 6.77720000E+14 6.84300000E+14 7.10590000E+14 7.43390000E+14
 8.08790000E+14 9.38900000E+14 9.58340000E+14 1.06820000E+15 1.11330000E+15
 1.13900000E+15 1.19680000E+15 1.31200000E+15 1.32480000E+15 1.64290000E+15
 1.95900000E+15 2.27360000E+15 2.58730000E+15 3.21280000E+15 3.83730000E+15
 4.46170000E+15 5.08690000E+15 5.71340000E+15 6.34150000E+15 9.51620000E+15
 1.27610000E+16 1.60850000E+16 1.94950000E+16 2.65780000E+16 4.18360000E+16
 5.85740000E+16 7.68000000E+16 1.28840000E+17 2.60120000E+17 5.21910000E+17
 9.83560000E+17 2.25520000E+18 7.17840000E+18 3.38670000E+19 1.09770000E+20
 3.55120000E+20 0.00000000E+00 1.13760000E+09 2.27630000E+09 5.69430000E+09
 1.13940000E+10 2.27990000E+10 5.70310000E+10 1.14100000E+11 2.28260000E+11
 5.67740000E+11 1.13470000E+12 1.70100000E+12 2.83230000E+12 4.52650000E+12
 6.78140000E+12 1.12800000E+13 1.68880000E+13 2.80650000E+13 4.47540000E+13
 6.69000000E+13 1.10920000E+14 1.38280000E+14 1.65560000E+14 2.19860000E+14
 2.73890000E+14 3.27690000E+14 4.34730000E+14 5.41160000E+14 6.47190000E+14
 7.52950000E+14 8.58530000E+14 9.63920000E+14 1.01650000E+15 1.06900000E+15
 1.07940000E+15 1.12130000E+15 1.17360000E+15 1.27800000E+15 1.48580000E+15
 1.51680000E+15 1.69250000E+15 1.76470000E+15 1.80590000E+15 1.89840000E+15
 2.08300000E+15 2.10350000E+15 2.61350000E+15 3.12040000E+15 3.62480000E+15
 4.12730000E+15 5.12800000E+15 6.12440000E+15 7.11820000E+15 8.11010000E+15
 9.10110000E+15 1.00920000E+16 1.50520000E+16 2.00460000E+16 2.50900000E+16
 3.01950000E+16 4.06050000E+16 6.23040000E+16 8.52370000E+16 1.09440000E+17
 1.75550000E+17 3.31790000E+17 6.24850000E+17 1.12050000E+18 2.44590000E+18
 7.47330000E+18 3.44180000E+19 1.10710000E+20 3.56790000E+20 0.00000000E+00
 1.89520000E+09 3.79230000E+09 9.48700000E+09 1.89840000E+10 3.79890000E+10
 9.50410000E+10 1.90180000E+11 3.80550000E+11 9.51870000E+11 1.89970000E+12
 2.84940000E+12 4.74810000E+12 7.59470000E+12 1.13870000E+13 1.89660000E+13
 2.84280000E+13 4.73220000E+13 7.56040000E+13 1.13230000E+14 1.88250000E+14
 2.35020000E+14 2.81710000E+14 3.74880000E+14 4.67820000E+14 5.60550000E+14
 7.45500000E+14 9.29930000E+14 1.11400000E+15 1.29790000E+15 1.48160000E+15
 1.66520000E+15 1.75690000E+15 1.84850000E+15 1.86680000E+15 1.93990000E+15
 2.03130000E+15 2.21380000E+15 2.57790000E+15 2.63250000E+15 2.94100000E+15
 3.06780000E+15 3.14020000E+15 3.30300000E+15 3.62810000E+15 3.66420000E+15
 4.56390000E+15 5.45990000E+15 6.35280000E+15 7.24300000E+15 9.01690000E+15
 1.07840000E+16 1.25450000E+16 1.43020000E+16 1.60560000E+16 1.78070000E+16
 2.65340000E+16 3.52450000E+16 4.39650000E+16 5.27070000E+16 7.02940000E+16
 1.06020000E+17 1.42610000E+17 1.80150000E+17 2.78410000E+17 4.94470000E+17
 8.67900000E+17 1.45670000E+18 2.93460000E+18 8.24250000E+18 3.57900000E+19
 1.12920000E+20 3.60550000E+20 0.00000000E+00 2.84190000E+09 5.68640000E+09
 1.42250000E+10 2.84660000E+10 5.69640000E+10 1.42520000E+11 2.85210000E+11
 5.70750000E+11 1.42790000E+12 2.85720000E+12 4.28680000E+12 7.13660000E+12
 1.14190000E+13 1.71280000E+13 2.85430000E+13 4.28040000E+13 7.13060000E+13
 1.14010000E+14 1.70890000E+14 2.84470000E+14 3.55350000E+14 4.26170000E+14
 5.67630000E+14 7.08890000E+14 8.49970000E+14 1.13170000E+15 1.41300000E+15
 1.69400000E+15 1.97490000E+15 2.25570000E+15 2.53650000E+15 2.67670000E+15
 2.81690000E+15 2.84490000E+15 2.95690000E+15 3.09690000E+15 3.37670000E+15
 3.93530000E+15 4.01900000E+15 4.49280000E+15 4.68780000E+15 4.79910000E+15
 5.04950000E+15 5.54970000E+15 5.60530000E+15 6.99160000E+15 8.37430000E+15
 9.75370000E+15 1.11310000E+16 1.38770000E+16 1.66160000E+16 1.93490000E+16
 2.20760000E+16 2.47980000E+16 2.75170000E+16 4.10670000E+16 5.45720000E+16
 6.80580000E+16 8.15390000E+16 1.08530000E+17 1.62790000E+17 2.17600000E+17
 2.73080000E+17 4.15140000E+17 7.14950000E+17 1.20590000E+18 1.93870000E+18
 3.66860000E+18 9.46560000E+18 3.79870000E+19 1.16330000E+20 3.66050000E+20
 0.00000000E+00 4.73450000E+09 9.47300000E+09 2.36970000E+10 4.74190000E+10
 9.48910000E+10 2.37410000E+11 4.75120000E+11 9.50850000E+11 2.37920000E+12
 4.76130000E+12 7.14440000E+12 1.19120000E+13 1.90660000E+13 2.86070000E+13
 4.76910000E+13 7.14960000E+13 1.19170000E+14 1.90650000E+14 2.85930000E+14
 4.76370000E+14 5.95330000E+14 7.14240000E+14 9.51930000E+14 1.18950000E+15
 1.42690000E+15 1.90130000E+15 2.37550000E+15 2.84950000E+15 3.32350000E+15
 3.79750000E+15 4.27160000E+15 4.50850000E+15 4.74530000E+15 4.79270000E+15
 4.98210000E+15 5.21870000E+15 5.69190000E+15 6.63750000E+15 6.77920000E+15
 7.58210000E+15 7.91250000E+15 8.10130000E+15 8.52590000E+15 9.37470000E+15
 9.46900000E+15 1.18240000E+16 1.41750000E+16 1.65240000E+16 1.88700000E+16
 2.35570000E+16 2.82350000E+16 3.29080000E+16 3.75760000E+16 4.22380000E+16
 4.68970000E+16 7.01390000E+16 9.33230000E+16 1.16470000E+17 1.39590000E+17
 1.85800000E+17 2.78230000E+17 3.70880000E+17 4.63890000E+17 6.98480000E+17
 1.17850000E+18 1.92930000E+18 2.99160000E+18 5.33120000E+18 1.24250000E+19
 4.37020000E+19 1.25170000E+20 3.79740000E+20 0.00000000E+00 1.13550000E+10
 2.27180000E+10 5.68270000E+10 1.13710000E+11 2.27530000E+11 5.69230000E+11
 1.13910000E+12 2.27970000E+12 5.70440000E+12 1.14170000E+13 1.71320000E+13
 2.85690000E+13 4.57340000E+13 6.86290000E+13 1.14440000E+14 1.71730000E+14
 2.86350000E+14 4.58330000E+14 6.87710000E+14 1.14630000E+15 1.43300000E+15
 1.72010000E+15 2.29380000E+15 2.86670000E+15 3.44010000E+15 4.58690000E+15
 5.73370000E+15 6.88260000E+15 8.02770000E+15 9.17510000E+15 1.03230000E+16
 1.08970000E+16 1.14700000E+16 1.15850000E+16 1.20440000E+16 1.26180000E+16
 1.37650000E+16 1.60580000E+16 1.64020000E+16 1.83510000E+16 1.91540000E+16
 1.96120000E+16 2.06440000E+16 2.27070000E+16 2.29360000E+16 2.86640000E+16
 3.43900000E+16 4.01150000E+16 4.58370000E+16 5.72780000E+16 6.87140000E+16
 8.01460000E+16 9.15740000E+16 1.03000000E+17 1.14420000E+17 1.71490000E+17
 2.28500000E+17 2.85480000E+17 3.42440000E+17 4.56290000E+17 6.83860000E+17
 9.11420000E+17 1.13900000E+18 1.70880000E+18 2.85340000E+18 4.58650000E+18
 6.93280000E+18 1.17600000E+19 2.46620000E+19 7.06640000E+19 1.70870000E+20
 4.52460000E+20 0.00000000E+00 1.89190000E+10 3.78500000E+10 9.46700000E+10
 1.89420000E+11 3.79010000E+11 9.48160000E+11 1.89740000E+12 3.79710000E+12
 9.50090000E+12 1.90150000E+13 2.85350000E+13 4.75840000E+13 7.61730000E+13
 1.14310000E+14 1.90630000E+14 2.86070000E+14 4.77040000E+14 7.63640000E+14
 1.14590000E+15 1.91080000E+15 2.38900000E+15 2.86720000E+15 3.82380000E+15
 4.78060000E+15 5.73740000E+15 7.65140000E+15 9.56560000E+15 1.14800000E+16
 1.33940000E+16 1.53090000E+16 1.72270000E+16 1.81850000E+16 1.91410000E+16
 1.93320000E+16 2.00980000E+16 2.10560000E+16 2.29720000E+16 2.68030000E+16
 2.73770000E+16 3.06330000E+16 3.19740000E+16 3.27400000E+16 3.44640000E+16
 3.79110000E+16 3.82940000E+16 4.78680000E+16 5.74410000E+16 6.70130000E+16
 7.65850000E+16 9.57260000E+16 1.14860000E+17 1.34000000E+17 1.53130000E+17
 1.72270000E+17 1.91390000E+17 2.87020000E+17 3.82610000E+17 4.78170000E+17
 5.73720000E+17 7.64770000E+17 1.14680000E+18 1.52870000E+18 1.91080000E+18
 2.86630000E+18 4.78070000E+18 7.66400000E+18 1.15340000E+19 1.93740000E+19
 3.96090000E+19 1.06070000E+20 2.36120000E+20 5.65930000E+20 0.00000000E+00
 3.78220000E+10 7.56640000E+10 1.89240000E+11 3.78610000E+11 7.57530000E+11
 1.89490000E+12 3.79180000E+12 7.58770000E+12 1.89840000E+13 3.79940000E+13
 5.70130000E+13 9.50720000E+13 1.52190000E+14 2.28390000E+14 3.80870000E+14
 5.71570000E+14 9.53190000E+14 1.52590000E+15 2.29000000E+15 3.81890000E+15
 4.77490000E+15 5.73100000E+15 7.64380000E+15 9.55710000E+15 1.14710000E+16
 1.52990000E+16 1.91280000E+16 2.29590000E+16 2.67900000E+16 3.06210000E+16
 3.44550000E+16 3.63720000E+16 3.82890000E+16 3.86720000E+16 4.02060000E+16
 4.21230000E+16 4.59560000E+16 5.36240000E+16 5.47750000E+16 6.12930000E+16
 6.39770000E+16 6.55110000E+16 6.89620000E+16 7.58640000E+16 7.66310000E+16
 9.58060000E+16 1.14980000E+17 1.34150000E+17 1.53330000E+17 1.91690000E+17
 2.30070000E+17 2.68420000E+17 3.06790000E+17 3.45150000E+17 3.83520000E+17
 5.75380000E+17 7.67240000E+17 9.59110000E+17 1.15100000E+18 1.53480000E+18
 2.30230000E+18 3.07000000E+18 3.83770000E+18 5.75760000E+18 9.60030000E+18
 1.53730000E+19 2.30890000E+19 3.85920000E+19 7.77990000E+19 1.99520000E+20
 4.16490000E+20 9.03290000E+20 0.00000000E+00 9.45110000E+10 1.89060000E+11
 4.72820000E+11 9.45900000E+11 1.89240000E+12 4.73330000E+12 9.47060000E+12
 1.89500000E+13 4.74070000E+13 9.48690000E+13 1.42350000E+14 2.37370000E+14
 3.79960000E+14 5.70180000E+14 9.50820000E+14 1.42690000E+15 2.37950000E+15
 3.80930000E+15 5.71670000E+15 9.53380000E+15 1.19210000E+16 1.43080000E+16
 1.90840000E+16 2.38620000E+16 2.86400000E+16 3.82010000E+16 4.77650000E+16
 5.73310000E+16 6.69000000E+16 7.64720000E+16 8.60450000E+16 9.08330000E+16
 9.56200000E+16 9.65780000E+16 1.00410000E+17 1.05200000E+17 1.14770000E+17
 1.33930000E+17 1.36800000E+17 1.53090000E+17 1.59790000E+17 1.63630000E+17
 1.72250000E+17 1.89500000E+17 1.91410000E+17 2.39330000E+17 2.87260000E+17
 3.35190000E+17 3.83140000E+17 4.79040000E+17 5.74970000E+17 6.70910000E+17
 7.66860000E+17 8.62830000E+17 9.58810000E+17 1.43880000E+18 1.91900000E+18
 2.39920000E+18 2.87960000E+18 3.84040000E+18 5.76290000E+18 7.68570000E+18
 9.60900000E+18 1.44190000E+19 2.40440000E+19 3.84910000E+19 5.77730000E+19
 9.63960000E+19 1.93280000E+20 4.86780000E+20 9.85370000E+20 2.01780000E+21
 0.00000000E+00 1.88970000E+11 3.78000000E+11 9.45280000E+11 1.89100000E+12
 3.78310000E+12 9.46160000E+12 1.89300000E+13 3.78750000E+13 9.47430000E+13
 1.89580000E+14 2.84460000E+14 4.74300000E+14 7.59200000E+14 1.13920000E+15
 1.89960000E+15 2.85060000E+15 4.75360000E+15 7.60980000E+15 1.14200000E+16
 1.90450000E+16 2.38120000E+16 2.85810000E+16 3.81220000E+16 4.76660000E+16
 5.72120000E+16 7.63110000E+16 9.54160000E+16 1.14530000E+17 1.33640000E+17
 1.52760000E+17 1.71890000E+17 1.81450000E+17 1.91010000E+17 1.92930000E+17
 2.00580000E+17 2.10140000E+17 2.29270000E+17 2.67540000E+17 2.73280000E+17
 3.05820000E+17 3.19210000E+17 3.26870000E+17 3.44100000E+17 3.78560000E+17
 3.82380000E+17 4.78120000E+17 5.73890000E+17 6.69670000E+17 7.65470000E+17
 9.57110000E+17 1.14880000E+18 1.34050000E+18 1.53230000E+18 1.72410000E+18
 1.91590000E+18 2.87540000E+18 3.83520000E+18 4.79530000E+18 5.75560000E+18
 7.67680000E+18 1.15210000E+19 1.53660000E+19 1.92130000E+19 2.88320000E+19
 4.80820000E+19 7.69760000E+19 1.15530000E+20 1.92690000E+20 3.85950000E+20
 9.68190000E+20 1.94610000E+21 3.92880000E+21 2.36860000E+11 2.36860000E+11
 2.35470000E+11 2.33190000E+11 2.31080000E+11 2.28540000E+11 2.24400000E+11
 2.20550000E+11 2.15930000E+11 2.08410000E+11 2.01390000E+11 1.96660000E+11
 1.89950000E+11 1.82940000E+11 1.76160000E+11 1.66540000E+11 1.57940000E+11
 1.45730000E+11 1.32980000E+11 1.20660000E+11 1.03190000E+11 9.48050000E+10
 8.75930000E+10 7.55180000E+10 6.55410000E+10 5.69810000E+10 4.27270000E+10
 3.10760000E+10 2.12630000E+10 1.29490000E+10 6.12370000E+09 1.17130000E+09
-3.29880000E+08-9.37720000E+08-9.30640000E+08-4.49870000E+08 1.14040000E+09
 7.44010000E+09 3.13160000E+10 3.60470000E+10 6.82990000E+10 8.40320000E+10
 9.36490000E+10 1.16560000E+11 1.67340000E+11 1.73450000E+11 3.57470000E+11
 5.81190000E+11 8.39760000E+11 1.12380000E+12 1.75690000E+12 2.45630000E+12
 3.20050000E+12 3.97990000E+12 4.79000000E+12 5.62770000E+12 1.00200000E+13
 1.46090000E+13 1.92810000E+13 2.39940000E+13 3.34150000E+13 5.20190000E+13
 7.01740000E+13 8.78800000E+13 1.30370000E+14 2.09500000E+14 3.18130000E+14
 4.50640000E+14 6.89300000E+14 1.20230000E+15 2.43790000E+15 4.09220000E+15
 6.79180000E+15 2.38030000E+11 2.38030000E+11 2.36630000E+11 2.34360000E+11
 2.32230000E+11 2.29690000E+11 2.25550000E+11 2.21690000E+11 2.17070000E+11
 2.09540000E+11 2.02520000E+11 1.97790000E+11 1.91070000E+11 1.84050000E+11
 1.77270000E+11 1.67640000E+11 1.59040000E+11 1.46820000E+11 1.34060000E+11
 1.21730000E+11 1.04250000E+11 9.58710000E+10 8.86620000E+10 7.65950000E+10
 6.66200000E+10 5.80460000E+10 4.36990000E+10 3.18780000E+10 2.18630000E+10
 1.33600000E+10 6.38790000E+09 1.33600000E+09-1.99790000E+08-8.34270000E+08
-8.31710000E+08-3.66770000E+08 1.20790000E+09 7.48610000E+09 3.13400000E+10
 3.60690000E+10 6.83140000E+10 8.40450000E+10 9.36600000E+10 1.16570000E+11
 1.67350000E+11 1.73460000E+11 3.57480000E+11 5.81190000E+11 8.39760000E+11
 1.12380000E+12 1.75690000E+12 2.45630000E+12 3.20050000E+12 3.97990000E+12
 4.79000000E+12 5.62770000E+12 1.00200000E+13 1.46090000E+13 1.92810000E+13
 2.39940000E+13 3.34150000E+13 5.20190000E+13 7.01740000E+13 8.78800000E+13
 1.30370000E+14 2.09500000E+14 3.18130000E+14 4.50640000E+14 6.89300000E+14
 1.20230000E+15 2.43790000E+15 4.09220000E+15 6.79180000E+15 2.39350000E+11
 2.39350000E+11 2.37940000E+11 2.35650000E+11 2.33520000E+11 2.30970000E+11
 2.26820000E+11 2.22950000E+11 2.18320000E+11 2.10770000E+11 2.03750000E+11
 1.99010000E+11 1.92290000E+11 1.85270000E+11 1.78480000E+11 1.68850000E+11
 1.60240000E+11 1.48020000E+11 1.35260000E+11 1.22930000E+11 1.05450000E+11
 9.70710000E+10 8.98700000E+10 7.78310000E+10 6.78980000E+10 5.93820000E+10
 4.51560000E+10 3.34030000E+10 2.33660000E+10 1.47530000E+10 7.60930000E+09
 2.36000000E+09 7.26970000E+08 7.04130000E+05-1.42210000E+07 3.83990000E+08
 1.88250000E+09 8.03150000E+09 3.17030000E+10 3.64110000E+10 6.85640000E+10
 8.42660000E+10 9.38680000E+10 1.16750000E+11 1.67480000E+11 1.73590000E+11
 3.57550000E+11 5.81240000E+11 8.39790000E+11 1.12380000E+12 1.75690000E+12
 2.45630000E+12 3.20050000E+12 3.97990000E+12 4.79000000E+12 5.62770000E+12
 1.00200000E+13 1.46090000E+13 1.92810000E+13 2.39940000E+13 3.34150000E+13
 5.20190000E+13 7.01740000E+13 8.78800000E+13 1.30370000E+14 2.09500000E+14
 3.18130000E+14 4.50640000E+14 6.89300000E+14 1.20230000E+15 2.43790000E+15
 4.09220000E+15 6.79180000E+15 2.42010000E+11 2.42010000E+11 2.40550000E+11
 2.38210000E+11 2.36040000E+11 2.33460000E+11 2.29260000E+11 2.25370000E+11
 2.20710000E+11 2.13140000E+11 2.06090000E+11 2.01340000E+11 1.94610000E+11
 1.87580000E+11 1.80780000E+11 1.71140000E+11 1.62520000E+11 1.50300000E+11
 1.37530000E+11 1.25190000E+11 1.07710000E+11 9.93390000E+10 9.21450000E+10
 8.01280000E+10 7.02340000E+10 6.17850000E+10 4.77580000E+10 3.62170000E+10
 2.63230000E+10 1.77570000E+10 1.05680000E+10 5.19980000E+09 3.48800000E+09
 2.67490000E+09 2.64190000E+09 2.96640000E+09 4.37070000E+09 1.03300000E+10
 3.36410000E+10 3.83000000E+10 7.01900000E+10 8.57950000E+10 9.53440000E+10
 1.18110000E+11 1.68650000E+11 1.74740000E+11 3.58320000E+11 5.81780000E+11
 8.40190000E+11 1.12410000E+12 1.75710000E+12 2.45640000E+12 3.20060000E+12
 3.98000000E+12 4.79000000E+12 5.62780000E+12 1.00200000E+13 1.46090000E+13
 1.92810000E+13 2.39940000E+13 3.34150000E+13 5.20190000E+13 7.01740000E+13
 8.78800000E+13 1.30370000E+14 2.09500000E+14 3.18130000E+14 4.50640000E+14
 6.89300000E+14 1.20230000E+15 2.43790000E+15 4.09220000E+15 6.79180000E+15
 2.48450000E+11 2.48450000E+11 2.46800000E+11 2.44220000E+11 2.41880000E+11
 2.39150000E+11 2.34780000E+11 2.30770000E+11 2.26010000E+11 2.18320000E+11
 2.11200000E+11 2.06420000E+11 1.99650000E+11 1.92580000E+11 1.85760000E+11
 1.76100000E+11 1.67460000E+11 1.55220000E+11 1.42430000E+11 1.30090000E+11
 1.12600000E+11 1.04230000E+11 9.70400000E+10 8.50370000E+10 7.51570000E+10
 6.67630000E+10 5.29870000E+10 4.18290000E+10 3.23230000E+10 2.40500000E+10
 1.70290000E+10 1.17190000E+10 1.00030000E+10 9.16810000E+09 9.12900000E+09
 9.42400000E+09 1.07820000E+10 1.66240000E+10 3.96440000E+10 4.42550000E+10
 7.58670000E+10 9.13570000E+10 1.00840000E+11 1.23460000E+11 1.73700000E+11
 1.79760000E+11 3.62590000E+11 5.85400000E+11 8.43280000E+11 1.12670000E+12
 1.75900000E+12 2.45790000E+12 3.20180000E+12 3.98090000E+12 4.79080000E+12
 5.62840000E+12 1.00200000E+13 1.46090000E+13 1.92810000E+13 2.39950000E+13
 3.34150000E+13 5.20190000E+13 7.01740000E+13 8.78800000E+13 1.30370000E+14
 2.09500000E+14 3.18130000E+14 4.50640000E+14 6.89300000E+14 1.20230000E+15
 2.43790000E+15 4.09220000E+15 6.79180000E+15 2.75810000E+11 2.75810000E+11
 2.72670000E+11 2.68310000E+11 2.64770000E+11 2.60940000E+11 2.55300000E+11
 2.50450000E+11 2.44970000E+11 2.36480000E+11 2.28870000E+11 2.23850000E+11
 2.16810000E+11 2.09560000E+11 2.02610000E+11 1.92810000E+11 1.84100000E+11
 1.71780000E+11 1.58940000E+11 1.46560000E+11 1.29040000E+11 1.20660000E+11
 1.13470000E+11 1.01400000E+11 9.13250000E+10 8.28360000E+10 6.92070000E+10
 5.86450000E+10 5.00340000E+10 4.27010000E+10 3.64710000E+10 3.17310000E+10
 3.02190000E+10 2.95410000E+10 2.95280000E+10 2.99130000E+10 3.13540000E+10
 3.72880000E+10 6.03040000E+10 6.49020000E+10 9.63850000E+10 1.11800000E+11
 1.21240000E+11 1.43760000E+11 1.93780000E+11 1.99810000E+11 3.81900000E+11
 6.03930000E+11 8.61010000E+11 1.14370000E+12 1.77450000E+12 2.47200000E+12
 3.21460000E+12 3.99260000E+12 4.80150000E+12 5.63820000E+12 1.00260000E+13
 1.46130000E+13 1.92840000E+13 2.39970000E+13 3.34170000E+13 5.20200000E+13
 7.01750000E+13 8.78800000E+13 1.30370000E+14 2.09500000E+14 3.18130000E+14
 4.50640000E+14 6.89300000E+14 1.20230000E+15 2.43790000E+15 4.09220000E+15
 6.79180000E+15 3.64790000E+11 3.64790000E+11 3.55960000E+11 3.44600000E+11
 3.36130000E+11 3.27810000E+11 3.16730000E+11 3.08120000E+11 2.99270000E+11
 2.86840000E+11 2.76570000E+11 2.70100000E+11 2.61370000E+11 2.52650000E+11
 2.44510000E+11 2.33300000E+11 2.23530000E+11 2.09950000E+11 1.95990000E+11
 1.82670000E+11 1.63940000E+11 1.54950000E+11 1.47160000E+11 1.33940000E+11
 1.23070000E+11 1.13960000E+11 9.96220000E+10 8.90380000E+10 8.10310000E+10
 7.47110000E+10 6.96020000E+10 6.58560000E+10 6.47560000E+10 6.44280000E+10
 6.44770000E+10 6.50890000E+10 6.67670000E+10 7.30540000E+10 9.64550000E+10
 1.01090000E+11 1.32680000E+11 1.48120000E+11 1.57570000E+11 1.80080000E+11
 2.30060000E+11 2.36080000E+11 4.17910000E+11 6.39590000E+11 8.96280000E+11
 1.17860000E+12 1.80850000E+12 2.50520000E+12 3.24700000E+12 4.02410000E+12
 4.83210000E+12 5.66800000E+12 1.00520000E+13 1.46360000E+13 1.93030000E+13
 2.40140000E+13 3.34300000E+13 5.20280000E+13 7.01800000E+13 8.78840000E+13
 1.30370000E+14 2.09500000E+14 3.18130000E+14 4.50640000E+14 6.89300000E+14
 1.20230000E+15 2.43790000E+15 4.09220000E+15 6.79180000E+15 4.94510000E+11
 4.94510000E+11 4.76910000E+11 4.54680000E+11 4.38600000E+11 4.23070000E+11
 4.03290000E+11 3.88760000E+11 3.74410000E+11 3.55420000E+11 3.40720000E+11
 3.31870000E+11 3.20310000E+11 3.09160000E+11 2.99030000E+11 2.85440000E+11
 2.73870000E+11 2.58090000E+11 2.42140000E+11 2.27070000E+11 2.05980000E+11
 1.95880000E+11 1.87160000E+11 1.72510000E+11 1.60480000E+11 1.50400000E+11
 1.34630000E+11 1.23270000E+11 1.15130000E+11 1.09180000E+11 1.04750000E+11
 1.01740000E+11 1.00980000E+11 1.00950000E+11 1.01050000E+11 1.01860000E+11
 1.03750000E+11 1.10370000E+11 1.34140000E+11 1.38810000E+11 1.70520000E+11
 1.85990000E+11 1.95440000E+11 2.17960000E+11 2.67920000E+11 2.73940000E+11
 4.55590000E+11 6.77030000E+11 9.33480000E+11 1.21550000E+12 1.84500000E+12
 2.54130000E+12 3.28260000E+12 4.05930000E+12 4.86690000E+12 5.70240000E+12
 1.00850000E+13 1.46660000E+13 1.93320000E+13 2.40410000E+13 3.34530000E+13
 5.20450000E+13 7.01930000E+13 8.78940000E+13 1.30380000E+14 2.09500000E+14
 3.18130000E+14 4.50640000E+14 6.89300000E+14 1.20230000E+15 2.43790000E+15
 4.09220000E+15 6.79180000E+15 6.59920000E+11 6.59920000E+11 6.30930000E+11
 5.94500000E+11 5.68350000E+11 5.43410000E+11 5.12070000E+11 4.89500000E+11
 4.67770000E+11 4.39930000E+11 4.19210000E+11 4.07070000E+11 3.91620000E+11
 3.77110000E+11 3.64230000E+11 3.47360000E+11 3.33290000E+11 3.14470000E+11
 2.95800000E+11 2.78390000E+11 2.54290000E+11 2.42840000E+11 2.33010000E+11
 2.16580000E+11 2.03110000E+11 1.91810000E+11 1.74130000E+11 1.61500000E+11
 1.52690000E+11 1.46620000E+11 1.42440000E+11 1.39870000E+11 1.39330000E+11
 1.39510000E+11 1.39650000E+11 1.40600000E+11 1.42650000E+11 1.49490000E+11
 1.73510000E+11 1.78190000E+11 2.09950000E+11 2.25410000E+11 2.34850000E+11
 2.57350000E+11 3.07230000E+11 3.13250000E+11 4.94620000E+11 7.15770000E+11
 9.71940000E+11 1.25370000E+12 1.88280000E+12 2.57860000E+12 3.31960000E+12
 4.09600000E+12 4.90330000E+12 5.73850000E+12 1.01190000E+13 1.47000000E+13
 1.93640000E+13 2.40720000E+13 3.34820000E+13 5.20700000E+13 7.02140000E+13
 8.79120000E+13 1.30390000E+14 2.09510000E+14 3.18130000E+14 4.50640000E+14
 6.89300000E+14 1.20230000E+15 2.43790000E+15 4.09220000E+15 6.79180000E+15
 1.08460000E+12 1.08460000E+12 1.02620000E+12 9.52950000E+11 9.00540000E+11
 8.50720000E+11 7.88830000E+11 7.44920000E+11 7.03380000E+11 6.51680000E+11
 6.14610000E+11 5.93550000E+11 5.67480000E+11 5.43780000E+11 5.23380000E+11
 4.97520000E+11 4.76640000E+11 4.49590000E+11 4.23580000E+11 3.99950000E+11
 3.68040000E+11 3.53150000E+11 3.40500000E+11 3.19560000E+11 3.02530000E+11
 2.88240000E+11 2.65750000E+11 2.49570000E+11 2.38340000E+11 2.30930000E+11
 2.26250000E+11 2.23710000E+11 2.23280000E+11 2.23570000E+11 2.23740000E+11
 2.24770000E+11 2.26890000E+11 2.33820000E+11 2.57760000E+11 2.62420000E+11
 2.93920000E+11 3.09260000E+11 3.18630000E+11 3.40950000E+11 3.90460000E+11
 3.96430000E+11 5.76750000E+11 7.96970000E+11 1.05230000E+12 1.33340000E+12
 1.96130000E+12 2.65630000E+12 3.39640000E+12 4.17220000E+12 4.97900000E+12
 5.81360000E+12 1.01920000E+13 1.47710000E+13 1.94340000E+13 2.41400000E+13
 3.35470000E+13 5.21300000E+13 7.02690000E+13 8.79620000E+13 1.30430000E+14
 2.09530000E+14 3.18150000E+14 4.50650000E+14 6.89300000E+14 1.20230000E+15
 2.43790000E+15 4.09220000E+15 6.79180000E+15 1.61910000E+12 1.61910000E+12
 1.52390000E+12 1.40420000E+12 1.31850000E+12 1.23710000E+12 1.13600000E+12
 1.06460000E+12 9.97300000E+11 9.14470000E+11 8.55930000E+11 8.23130000E+11
 7.83050000E+11 7.47220000E+11 7.16890000E+11 6.79150000E+11 6.49310000E+11
 6.11440000E+11 5.75870000E+11 5.44210000E+11 5.02340000E+11 4.83130000E+11
 4.66940000E+11 4.40400000E+11 4.18980000E+11 4.01060000E+11 3.72760000E+11
 3.52110000E+11 3.37520000E+11 3.27720000E+11 3.21540000E+11 3.18120000E+11
 3.17390000E+11 3.17430000E+11 3.17540000E+11 3.18400000E+11 3.20300000E+11
 3.26800000E+11 3.49870000E+11 3.54400000E+11 3.85150000E+11 4.00180000E+11
 4.09370000E+11 4.31310000E+11 4.80080000E+11 4.85970000E+11 6.64490000E+11
 8.83210000E+11 1.13730000E+12 1.41740000E+12 2.04370000E+12 2.73740000E+12
 3.47660000E+12 4.25150000E+12 5.05760000E+12 5.89160000E+12 1.02680000E+13
 1.48450000E+13 1.95070000E+13 2.42120000E+13 3.36170000E+13 5.21970000E+13
 7.03320000E+13 8.80220000E+13 1.30480000E+14 2.09570000E+14 3.18170000E+14
 4.50660000E+14 6.89310000E+14 1.20230000E+15 2.43790000E+15 4.09220000E+15
 6.79180000E+15 2.10600000E+12 2.10600000E+12 1.98640000E+12 1.83460000E+12
 1.71910000E+12 1.61720000E+12 1.48450000E+12 1.38320000E+12 1.29350000E+12
 1.18340000E+12 1.09760000E+12 1.05270000E+12 9.96420000E+11 9.51760000E+11
 9.10440000E+11 8.55290000E+11 8.17570000E+11 7.68060000E+11 7.20480000E+11
 6.79430000E+11 6.25490000E+11 6.02720000E+11 5.84730000E+11 5.50340000E+11
 5.30750000E+11 5.17400000E+11 4.81200000E+11 4.59910000E+11 4.43000000E+11
 4.34470000E+11 4.29460000E+11 4.22420000E+11 4.16290000E+11 4.24680000E+11
 4.24010000E+11 4.21330000E+11 4.19030000E+11 4.27250000E+11 4.52720000E+11
 4.56810000E+11 4.82530000E+11 4.97090000E+11 5.06280000E+11 5.28530000E+11
 5.79250000E+11 5.85250000E+11 7.57930000E+11 9.74840000E+11 1.22610000E+12
 1.50680000E+12 2.12780000E+12 2.81740000E+12 3.56030000E+12 4.33760000E+12
 5.14400000E+12 5.96940000E+12 1.03440000E+13 1.49240000E+13 1.95860000E+13
 2.42870000E+13 3.36900000E+13 5.22670000E+13 7.04000000E+13 8.80870000E+13
 1.30540000E+14 2.09620000E+14 3.18210000E+14 4.50690000E+14 6.89320000E+14
 1.20230000E+15 2.43790000E+15 4.09220000E+15 6.79180000E+15 2.72370000E+12
 2.72370000E+12 2.56730000E+12 2.36610000E+12 2.21640000E+12 2.07800000E+12
 1.90110000E+12 1.77240000E+12 1.65050000E+12 1.49840000E+12 1.39130000E+12
 1.33030000E+12 1.25680000E+12 1.19150000E+12 1.13790000E+12 1.06930000E+12
 1.01950000E+12 9.55600000E+11 8.97280000E+11 8.46460000E+11 7.81340000E+11
 7.49110000E+11 7.24160000E+11 6.94220000E+11 6.65450000E+11 6.47550000E+11
 6.09540000E+11 5.82620000E+11 5.63400000E+11 5.50520000E+11 5.43750000E+11
 5.35650000E+11 5.31390000E+11 5.33760000E+11 5.33360000E+11 5.30630000E+11
 5.32760000E+11 5.38020000E+11 5.59480000E+11 5.63510000E+11 5.90340000E+11
 6.03900000E+11 6.12270000E+11 6.32790000E+11 6.82130000E+11 6.87970000E+11
 8.56690000E+11 1.06700000E+12 1.32150000E+12 1.59930000E+12 2.22140000E+12
 2.90630000E+12 3.64650000E+12 4.42270000E+12 5.22870000E+12 6.05270000E+12
 1.04240000E+13 1.50020000E+13 1.96630000E+13 2.43630000E+13 3.37650000E+13
 5.23390000E+13 7.04700000E+13 8.81550000E+13 1.30600000E+14 2.09680000E+14
 3.18250000E+14 4.50720000E+14 6.89340000E+14 1.20230000E+15 2.43790000E+15
 4.09220000E+15 6.79180000E+15 4.12460000E+12 4.12460000E+12 3.88230000E+12
 3.57370000E+12 3.34660000E+12 3.12150000E+12 2.84860000E+12 2.64900000E+12
 2.45620000E+12 2.21750000E+12 2.04800000E+12 1.95360000E+12 1.83910000E+12
 1.73330000E+12 1.65410000E+12 1.54950000E+12 1.47400000E+12 1.37630000E+12
 1.28860000E+12 1.21640000E+12 1.12580000E+12 1.08360000E+12 1.05460000E+12
 9.99910000E+11 9.67490000E+11 9.41900000E+11 8.88620000E+11 8.55170000E+11
 8.28090000E+11 8.08780000E+11 7.98880000E+11 7.82460000E+11 7.80610000E+11
 7.82190000E+11 7.81570000E+11 7.78390000E+11 7.77010000E+11 7.81220000E+11
 7.96940000E+11 8.00080000E+11 8.21670000E+11 8.33840000E+11 8.41590000E+11
 8.60710000E+11 9.05760000E+11 9.11160000E+11 1.07250000E+12 1.27830000E+12
 1.52470000E+12 1.79430000E+12 2.41280000E+12 3.09560000E+12 3.82850000E+12
 4.60180000E+12 5.40520000E+12 6.22960000E+12 1.05910000E+13 1.51640000E+13
 1.98220000E+13 2.45190000E+13 3.39180000E+13 5.24870000E+13 7.06150000E+13
 8.82970000E+13 1.30740000E+14 2.09800000E+14 3.18360000E+14 4.50810000E+14
 6.89400000E+14 1.20240000E+15 2.43790000E+15 4.09220000E+15 6.79180000E+15
 5.70370000E+12 5.70370000E+12 5.37180000E+12 4.94330000E+12 4.62890000E+12
 4.32300000E+12 3.93200000E+12 3.64990000E+12 3.37890000E+12 3.04160000E+12
 2.80070000E+12 2.66670000E+12 2.50380000E+12 2.35990000E+12 2.24140000E+12
 2.09810000E+12 1.98890000E+12 1.85600000E+12 1.73710000E+12 1.63610000E+12
 1.51170000E+12 1.46240000E+12 1.42030000E+12 1.35430000E+12 1.30600000E+12
 1.26880000E+12 1.19890000E+12 1.15980000E+12 1.12330000E+12 1.09880000E+12
 1.08270000E+12 1.06620000E+12 1.05660000E+12 1.06130000E+12 1.05990000E+12
 1.05180000E+12 1.05130000E+12 1.05170000E+12 1.06100000E+12 1.06360000E+12
 1.08330000E+12 1.09340000E+12 1.09960000E+12 1.11510000E+12 1.15880000E+12
 1.16400000E+12 1.31270000E+12 1.51110000E+12 1.74400000E+12 2.01130000E+12
 2.62020000E+12 3.29710000E+12 4.02340000E+12 4.79310000E+12 5.59240000E+12
 6.41380000E+12 1.07630000E+13 1.53320000E+13 1.99870000E+13 2.46810000E+13
 3.40750000E+13 5.26400000E+13 7.07640000E+13 8.84440000E+13 1.30880000E+14
 2.09940000E+14 3.18480000E+14 4.50910000E+14 6.89480000E+14 1.20240000E+15
 2.43790000E+15 4.09220000E+15 6.79180000E+15 1.12280000E+13 1.12280000E+13
 1.06010000E+13 9.78410000E+12 9.17900000E+12 8.58200000E+12 7.81220000E+12
 7.24690000E+12 6.70140000E+12 6.01390000E+12 5.51800000E+12 5.24240000E+12
 4.90810000E+12 4.61090000E+12 4.36520000E+12 4.07030000E+12 3.84480000E+12
 3.57380000E+12 3.33500000E+12 3.13870000E+12 2.89940000E+12 2.79990000E+12
 2.71880000E+12 2.59670000E+12 2.50410000E+12 2.43500000E+12 2.31800000E+12
 2.23270000E+12 2.17040000E+12 2.12170000E+12 2.08530000E+12 2.05450000E+12
 2.04180000E+12 2.03660000E+12 2.03420000E+12 2.02410000E+12 2.01340000E+12
 2.00400000E+12 1.99510000E+12 1.99480000E+12 1.99740000E+12 2.00060000E+12
 2.00280000E+12 2.01000000E+12 2.04110000E+12 2.04480000E+12 2.15550000E+12
 2.32060000E+12 2.52880000E+12 2.76780000E+12 3.33900000E+12 3.98210000E+12
 4.69020000E+12 5.43910000E+12 6.22100000E+12 7.03060000E+12 1.13400000E+13
 1.58780000E+13 2.05160000E+13 2.51970000E+13 3.45750000E+13 5.31150000E+13
 7.12330000E+13 8.89050000E+13 1.31330000E+14 2.10360000E+14 3.18890000E+14
 4.51290000E+14 6.89800000E+14 1.20260000E+15 2.43800000E+15 4.09220000E+15
 6.79180000E+15 1.53660000E+13 1.53660000E+13 1.45380000E+13 1.34530000E+13
 1.26380000E+13 1.18410000E+13 1.08000000E+13 1.00320000E+13 9.28690000E+12
 8.33400000E+12 7.64920000E+12 7.26300000E+12 6.78660000E+12 6.37330000E+12
 6.03050000E+12 5.61420000E+12 5.29780000E+12 4.91550000E+12 4.57920000E+12
 4.30940000E+12 3.97890000E+12 3.83590000E+12 3.72790000E+12 3.55930000E+12
 3.43100000E+12 3.33820000E+12 3.17730000E+12 3.06650000E+12 2.97700000E+12
 2.91280000E+12 2.86020000E+12 2.81390000E+12 2.79490000E+12 2.78610000E+12
 2.78290000E+12 2.77040000E+12 2.75520000E+12 2.73680000E+12 2.71330000E+12
 2.71040000E+12 2.69790000E+12 2.69830000E+12 2.69980000E+12 2.70480000E+12
 2.72200000E+12 2.72430000E+12 2.80500000E+12 2.94870000E+12 3.13590000E+12
 3.36020000E+12 3.89020000E+12 4.51360000E+12 5.19610000E+12 5.92640000E+12
 6.69610000E+12 7.49420000E+12 1.17620000E+13 1.62770000E+13 2.08950000E+13
 2.55680000E+13 3.49300000E+13 5.34520000E+13 7.15600000E+13 8.92250000E+13
 1.31640000E+14 2.10660000E+14 3.19170000E+14 4.51560000E+14 6.90050000E+14
 1.20280000E+15 2.43810000E+15 4.09220000E+15 6.79190000E+15 2.65920000E+13
 2.65920000E+13 2.52860000E+13 2.35550000E+13 2.22440000E+13 2.09330000E+13
 1.92100000E+13 1.79190000E+13 1.66460000E+13 1.49930000E+13 1.37820000E+13
 1.30940000E+13 1.22480000E+13 1.14940000E+13 1.08680000E+13 1.01070000E+13
 9.52690000E+12 8.82720000E+12 8.21410000E+12 7.71560000E+12 7.11330000E+12
 6.86250000E+12 6.66290000E+12 6.35530000E+12 6.12770000E+12 5.95200000E+12
 5.67320000E+12 5.47010000E+12 5.31300000E+12 5.19070000E+12 5.09390000E+12
 5.00860000E+12 4.97320000E+12 4.94800000E+12 4.94120000E+12 4.91130000E+12
 4.88700000E+12 4.84340000E+12 4.77440000E+12 4.76550000E+12 4.72270000E+12
 4.71020000E+12 4.70440000E+12 4.69370000E+12 4.68220000E+12 4.68140000E+12
 4.69440000E+12 4.77230000E+12 4.90220000E+12 5.07330000E+12 5.51660000E+12
 6.06090000E+12 6.67850000E+12 7.35660000E+12 8.07850000E+12 8.83460000E+12
 1.29560000E+13 1.73890000E+13 2.19590000E+13 2.65860000E+13 3.58940000E+13
 5.43540000E+13 7.24260000E+13 9.00680000E+13 1.32440000E+14 2.11430000E+14
 3.19920000E+14 4.52280000E+14 6.90730000E+14 1.20340000E+15 2.43850000E+15
 4.09240000E+15 6.79190000E+15 3.83660000E+13 3.83660000E+13 3.66510000E+13
 3.43520000E+13 3.25890000E+13 3.08160000E+13 2.84560000E+13 2.66620000E+13
 2.48650000E+13 2.25120000E+13 2.07560000E+13 1.97520000E+13 1.85060000E+13
 1.73900000E+13 1.64510000E+13 1.53070000E+13 1.44310000E+13 1.33710000E+13
 1.24420000E+13 1.16760000E+13 1.07570000E+13 1.03760000E+13 1.00700000E+13
 9.60650000E+12 9.25840000E+12 8.98920000E+12 8.56620000E+12 8.25840000E+12
 8.01800000E+12 7.82670000E+12 7.67410000E+12 7.54300000E+12 7.48520000E+12
 7.44150000E+12 7.43100000E+12 7.38660000E+12 7.34610000E+12 7.26940000E+12
 7.14740000E+12 7.13130000E+12 7.05120000E+12 7.02400000E+12 7.00990000E+12
 6.98110000E+12 6.93450000E+12 6.93010000E+12 6.86890000E+12 6.88250000E+12
 6.95120000E+12 7.07390000E+12 7.42200000E+12 7.88580000E+12 8.42740000E+12
 9.04670000E+12 9.71220000E+12 1.04180000E+13 1.43620000E+13 1.86800000E+13
 2.31680000E+13 2.77350000E+13 3.69680000E+13 5.53400000E+13 7.33620000E+13
 9.09710000E+13 1.33300000E+14 2.12240000E+14 3.20690000E+14 4.53030000E+14
 6.91450000E+14 1.20410000E+15 2.43900000E+15 4.09270000E+15 6.79210000E+15
 5.01800000E+13 5.01800000E+13 4.81310000E+13 4.53620000E+13 4.32230000E+13
 4.10460000E+13 3.81190000E+13 3.58670000E+13 3.35950000E+13 3.05740000E+13
 2.82960000E+13 2.69730000E+13 2.53270000E+13 2.38390000E+13 2.25810000E+13
 2.10360000E+13 1.98470000E+13 1.84010000E+13 1.71260000E+13 1.60750000E+13
 1.48110000E+13 1.42860000E+13 1.38650000E+13 1.32230000E+13 1.27430000E+13
 1.23670000E+13 1.17860000E+13 1.13580000E+13 1.10250000E+13 1.07580000E+13
 1.05430000E+13 1.03560000E+13 1.02760000E+13 1.02070000E+13 1.01930000E+13
 1.01370000E+13 1.00730000E+13 9.96070000E+12 9.77680000E+12 9.75230000E+12
 9.62860000E+12 9.58480000E+12 9.56160000E+12 9.51320000E+12 9.43100000E+12
 9.42280000E+12 9.27910000E+12 9.22290000E+12 9.23540000E+12 9.30170000E+12
 9.55560000E+12 9.93690000E+12 1.04120000E+13 1.09610000E+13 1.15670000E+13
 1.22190000E+13 1.59530000E+13 2.01320000E+13 2.45270000E+13 2.90260000E+13
 3.81530000E+13 5.64120000E+13 7.43680000E+13 9.19340000E+13 1.34200000E+14
 2.13080000E+14 3.21490000E+14 4.53810000E+14 6.92190000E+14 1.20480000E+15
 2.43960000E+15 4.09320000E+15 6.79230000E+15 6.17660000E+13 6.17660000E+13
 5.94570000E+13 5.63130000E+13 5.38580000E+13 5.13520000E+13 4.79410000E+13
 4.52960000E+13 4.25990000E+13 3.89730000E+13 3.62010000E+13 3.45780000E+13
 3.25470000E+13 3.06950000E+13 2.91160000E+13 2.71690000E+13 2.56590000E+13
 2.38160000E+13 2.21840000E+13 2.08290000E+13 1.92030000E+13 1.85200000E+13
 1.79760000E+13 1.71450000E+13 1.65230000E+13 1.60350000E+13 1.52800000E+13
 1.47250000E+13 1.42890000E+13 1.39390000E+13 1.36530000E+13 1.34110000E+13
 1.33020000E+13 1.32120000E+13 1.31930000E+13 1.31150000E+13 1.30300000E+13
 1.28790000E+13 1.26240000E+13 1.25900000E+13 1.24190000E+13 1.23580000E+13
 1.23250000E+13 1.22550000E+13 1.21360000E+13 1.21240000E+13 1.18860000E+13
 1.17570000E+13 1.17070000E+13 1.17160000E+13 1.18810000E+13 1.21810000E+13
 1.25830000E+13 1.30660000E+13 1.36090000E+13 1.42090000E+13 1.77240000E+13
 2.17500000E+13 2.60280000E+13 3.04430000E+13 3.94500000E+13 5.75710000E+13
 7.54450000E+13 9.29590000E+13 1.35150000E+14 2.13960000E+14 3.22320000E+14
 4.54600000E+14 6.92950000E+14 1.20550000E+15 2.44020000E+15 4.09370000E+15
 6.79260000E+15 8.37880000E+13 8.37880000E+13 8.11390000E+13 7.74860000E+13
 7.46010000E+13 7.16040000E+13 6.74720000E+13 6.42120000E+13 6.08320000E+13
 5.62030000E+13 5.25870000E+13 5.04370000E+13 4.77040000E+13 4.51780000E+13
 4.29980000E+13 4.02770000E+13 3.81410000E+13 3.55050000E+13 3.31440000E+13
 3.11700000E+13 2.87800000E+13 2.77730000E+13 2.69660000E+13 2.57320000E+13
 2.48060000E+13 2.40740000E+13 2.29470000E+13 2.21130000E+13 2.14570000E+13
 2.09270000E+13 2.04910000E+13 2.01170000E+13 1.99510000E+13 1.98010000E+13
 1.97720000E+13 1.96570000E+13 1.95230000E+13 1.92810000E+13 1.88740000E+13
 1.88190000E+13 1.85370000E+13 1.84360000E+13 1.83810000E+13 1.82650000E+13
 1.80580000E+13 1.80360000E+13 1.75990000E+13 1.73140000E+13 1.71310000E+13
 1.70280000E+13 1.69910000E+13 1.71300000E+13 1.73900000E+13 1.77430000E+13
 1.81720000E+13 1.86560000E+13 2.17260000E+13 2.54190000E+13 2.94450000E+13
 3.36570000E+13 4.23740000E+13 6.01480000E+13 7.78150000E+13 9.51940000E+13
 1.37180000E+14 2.15810000E+14 3.24050000E+14 4.56250000E+14 6.94520000E+14
 1.20700000E+15 2.44160000E+15 4.09480000E+15 6.79350000E+15 1.04070000E+14
 1.04070000E+14 1.01260000E+14 9.73360000E+13 9.42030000E+13 9.09190000E+13
 8.63330000E+13 8.26610000E+13 7.88120000E+13 7.34480000E+13 6.91780000E+13
 6.66060000E+13 6.32980000E+13 6.02020000E+13 5.75010000E+13 5.40780000E+13
 5.13660000E+13 4.79770000E+13 4.49110000E+13 4.23210000E+13 3.91630000E+13
 3.78220000E+13 3.67490000E+13 3.50950000E+13 3.38490000E+13 3.28620000E+13
 3.13400000E+13 3.02090000E+13 2.93180000E+13 2.85940000E+13 2.79920000E+13
 2.74760000E+13 2.72460000E+13 2.70360000E+13 2.69950000E+13 2.68360000E+13
 2.66490000E+13 2.63100000E+13 2.57300000E+13 2.56520000E+13 2.52540000E+13
 2.51060000E+13 2.50270000E+13 2.48570000E+13 2.45540000E+13 2.45220000E+13
 2.38680000E+13 2.34070000E+13 2.30780000E+13 2.28540000E+13 2.26130000E+13
 2.25860000E+13 2.27020000E+13 2.29240000E+13 2.32370000E+13 2.36230000E+13
 2.62490000E+13 2.95990000E+13 3.33490000E+13 3.73410000E+13 4.57170000E+13
 6.30600000E+13 8.04740000E+13 9.76770000E+13 1.39410000E+14 2.17790000E+14
 3.25870000E+14 4.57970000E+14 6.96140000E+14 1.20850000E+15 2.44300000E+15
 4.09610000E+15 6.79450000E+15 1.55210000E+14 1.55210000E+14 1.53090000E+14
 1.49080000E+14 1.45810000E+14 1.42320000E+14 1.37330000E+14 1.33210000E+14
 1.28780000E+14 1.22390000E+14 1.17100000E+14 1.13810000E+14 1.09480000E+14
 1.05290000E+14 1.01530000E+14 9.66230000E+13 9.26050000E+13 8.74220000E+13
 8.25820000E+13 7.83850000E+13 7.31210000E+13 7.08440000E+13 6.89990000E+13
 6.61280000E+13 6.39400000E+13 6.21830000E+13 5.94630000E+13 5.74130000E+13
 5.57830000E+13 5.44440000E+13 5.33200000E+13 5.23510000E+13 5.19140000E+13
 5.15160000E+13 5.14380000E+13 5.11300000E+13 5.07700000E+13 5.01100000E+13
 4.89770000E+13 4.88240000E+13 4.80300000E+13 4.77330000E+13 4.75720000E+13
 4.72260000E+13 4.65990000E+13 4.65330000E+13 4.51400000E+13 4.40950000E+13
 4.32880000E+13 4.26540000E+13 4.17510000E+13 4.11850000E+13 4.08490000E+13
 4.06850000E+13 4.06520000E+13 4.07190000E+13 4.20760000E+13 4.44450000E+13
 4.73790000E+13 5.06750000E+13 5.79250000E+13 7.37060000E+13 9.00990000E+13
 1.06600000E+14 1.47230000E+14 2.24560000E+14 3.31930000E+14 4.63580000E+14
 7.01340000E+14 1.21330000E+15 2.44740000E+15 4.10030000E+15 6.79820000E+15
 1.85050000E+14 1.85050000E+14 1.82370000E+14 1.78530000E+14 1.74950000E+14
 1.71990000E+14 1.67080000E+14 1.63000000E+14 1.58560000E+14 1.52050000E+14
 1.46570000E+14 1.43130000E+14 1.38510000E+14 1.34000000E+14 1.29890000E+14
 1.24430000E+14 1.19890000E+14 1.13930000E+14 1.08250000E+14 1.03240000E+14
 9.68600000E+13 9.40600000E+13 9.17780000E+13 8.81930000E+13 8.54400000E+13
 8.32150000E+13 7.97470000E+13 7.71160000E+13 7.50110000E+13 7.32720000E+13
 7.18010000E+13 7.05310000E+13 6.99580000E+13 6.94280000E+13 6.93240000E+13
 6.89180000E+13 6.84400000E+13 6.75640000E+13 6.60490000E+13 6.58440000E+13
 6.47760000E+13 6.43750000E+13 6.41560000E+13 6.36860000E+13 6.28340000E+13
 6.27450000E+13 6.08320000E+13 5.93730000E+13 5.82260000E+13 5.72990000E+13
 5.59230000E+13 5.49770000E+13 5.43260000E+13 5.38930000E+13 5.36210000E+13
 5.34760000E+13 5.40060000E+13 5.57550000E+13 5.81780000E+13 6.10240000E+13
 6.75320000E+13 8.21980000E+13 9.78010000E+13 1.13700000E+14 1.53380000E+14
 2.29750000E+14 3.36470000E+14 4.67690000E+14 7.05060000E+14 1.21670000E+15
 2.45050000E+15 4.10320000E+15 6.80090000E+15 2.47230000E+14 2.47230000E+14
 2.44930000E+14 2.41630000E+14 2.38870000E+14 2.35900000E+14 2.31520000E+14
 2.27830000E+14 2.23730000E+14 2.17600000E+14 2.12310000E+14 2.08910000E+14
 2.04290000E+14 1.99640000E+14 1.95320000E+14 1.89420000E+14 1.84360000E+14
 1.77510000E+14 1.70740000E+14 1.64560000E+14 1.56380000E+14 1.52690000E+14
 1.49630000E+14 1.44740000E+14 1.40900000E+14 1.37760000E+14 1.32770000E+14
 1.28920000E+14 1.25800000E+14 1.23180000E+14 1.20950000E+14 1.19000000E+14
 1.18110000E+14 1.17290000E+14 1.17130000E+14 1.16500000E+14 1.15750000E+14
 1.14370000E+14 1.11960000E+14 1.11630000E+14 1.09910000E+14 1.09270000E+14
 1.08910000E+14 1.08150000E+14 1.06750000E+14 1.06600000E+14 1.03410000E+14
 1.00930000E+14 9.89190000E+13 9.72600000E+13 9.46690000E+13 9.27540000E+13
 9.12960000E+13 9.01680000E+13 8.92920000E+13 8.86110000E+13 8.70810000E+13
 8.73360000E+13 8.85580000E+13 9.03850000E+13 9.51620000E+13 1.07150000E+14
 1.20710000E+14 1.34990000E+14 1.71830000E+14 2.45090000E+14 3.49580000E+14
 4.79330000E+14 7.15330000E+14 1.22570000E+15 2.45860000E+15 4.11080000E+15
 6.80800000E+15 3.51810000E+14 3.51810000E+14 3.50150000E+14 3.46810000E+14
 3.45700000E+14 3.43500000E+14 3.40200000E+14 3.35580000E+14 3.32300000E+14
 3.27280000E+14 3.22860000E+14 3.19980000E+14 3.15970000E+14 3.11870000E+14
 3.07970000E+14 3.02540000E+14 2.97740000E+14 2.91030000E+14 2.84130000E+14
 2.77580000E+14 2.68500000E+14 2.64240000E+14 2.60630000E+14 2.54710000E+14
 2.49920000E+14 2.45900000E+14 2.39360000E+14 2.34150000E+14 2.29820000E+14
 2.26120000E+14 2.22900000E+14 2.20050000E+14 2.18740000E+14 2.17510000E+14
 2.17270000E+14 2.16330000E+14 2.15210000E+14 2.13110000E+14 2.09410000E+14
 2.08890000E+14 2.06200000E+14 2.05170000E+14 2.04610000E+14 2.03390000E+14
 2.01130000E+14 2.00890000E+14 1.95640000E+14 1.91430000E+14 1.87950000E+14
 1.85000000E+14 1.80240000E+14 1.76530000E+14 1.73560000E+14 1.71130000E+14
 1.69090000E+14 1.67380000E+14 1.61890000E+14 1.59330000E+14 1.58340000E+14
 1.58320000E+14 1.60050000E+14 1.67370000E+14 1.77260000E+14 1.88480000E+14
 2.19350000E+14 2.84960000E+14 3.83110000E+14 5.08340000E+14 7.39970000E+14
 1.24630000E+15 2.47610000E+15 4.12690000E+15 6.82330000E+15 4.88330000E+14
 4.88330000E+14 4.87170000E+14 4.83960000E+14 4.84060000E+14 4.82500000E+14
 4.80120000E+14 4.78090000E+14 4.73590000E+14 4.69730000E+14 4.66270000E+14
 4.63980000E+14 4.60770000E+14 4.57440000E+14 4.54230000E+14 4.49700000E+14
 4.45640000E+14 4.39860000E+14 4.33780000E+14 4.27870000E+14 4.19440000E+14
 4.15400000E+14 4.11890000E+14 4.06040000E+14 4.01200000E+14 3.97040000E+14
 3.90120000E+14 3.84470000E+14 3.79650000E+14 3.75460000E+14 3.71750000E+14
 3.68420000E+14 3.66880000E+14 3.65410000E+14 3.65120000E+14 3.64000000E+14
 3.62640000E+14 3.60100000E+14 3.55530000E+14 3.54890000E+14 3.51490000E+14
 3.50190000E+14 3.49470000E+14 3.47910000E+14 3.44970000E+14 3.44660000E+14
 3.37720000E+14 3.31990000E+14 3.27130000E+14 3.22920000E+14 3.15950000E+14
 3.10330000E+14 3.05680000E+14 3.01740000E+14 2.98350000E+14 2.95410000E+14
 2.85000000E+14 2.78810000E+14 2.74930000E+14 2.72490000E+14 2.70310000E+14
 2.71760000E+14 2.77110000E+14 2.84530000E+14 3.07700000E+14 3.62140000E+14
 4.49250000E+14 5.65350000E+14 7.87100000E+14 1.28370000E+15 2.50580000E+15
 4.15330000E+15 6.84760000E+15 6.58730000E+14 6.58730000E+14 6.57940000E+14
 6.56780000E+14 6.55800000E+14 6.54680000E+14 6.53020000E+14 6.51560000E+14
 6.49910000E+14 6.44980000E+14 6.42320000E+14 6.40520000E+14 6.37970000E+14
 6.35310000E+14 6.32720000E+14 6.29000000E+14 6.25630000E+14 6.20790000E+14
 6.15630000E+14 6.10560000E+14 6.03220000E+14 5.99630000E+14 5.96520000E+14
 5.91260000E+14 5.86850000E+14 5.83020000E+14 5.76550000E+14 5.71170000E+14
 5.66520000E+14 5.62430000E+14 5.58770000E+14 5.55450000E+14 5.53890000E+14
 5.52410000E+14 5.52120000E+14 5.50980000E+14 5.49600000E+14 5.46990000E+14
 5.42250000E+14 5.41580000E+14 5.38020000E+14 5.36630000E+14 5.35860000E+14
 5.34190000E+14 5.31030000E+14 5.30700000E+14 5.23060000E+14 5.16610000E+14
 5.11040000E+14 5.06120000E+14 4.97780000E+14 4.90870000E+14 4.85010000E+14
 4.79930000E+14 4.75460000E+14 4.71510000E+14 4.56760000E+14 4.47100000E+14
 4.40310000E+14 4.35380000E+14 4.29050000E+14 4.24160000E+14 4.24630000E+14
 4.27970000E+14 4.42910000E+14 4.85030000E+14 5.58620000E+14 6.61840000E+14
 8.67410000E+14 1.34560000E+15 2.55200000E+15 4.19260000E+15 6.88250000E+15
 9.87310000E+14 9.87310000E+14 9.86930000E+14 9.86370000E+14 9.85890000E+14
 9.85340000E+14 9.84450000E+14 9.83630000E+14 9.82630000E+14 9.80950000E+14
 9.77530000E+14 9.76300000E+14 9.74530000E+14 9.72610000E+14 9.70700000E+14
 9.67920000E+14 9.65360000E+14 9.61620000E+14 9.57580000E+14 9.53520000E+14
 9.47580000E+14 9.44640000E+14 9.42090000E+14 9.37730000E+14 9.34030000E+14
 9.30800000E+14 9.25290000E+14 9.20650000E+14 9.16610000E+14 9.13030000E+14
 9.09790000E+14 9.06840000E+14 9.05450000E+14 9.04130000E+14 9.03870000E+14
 9.02840000E+14 9.01600000E+14 8.99230000E+14 8.94900000E+14 8.94280000E+14
 8.90980000E+14 8.89690000E+14 8.88970000E+14 8.87400000E+14 8.84410000E+14
 8.84090000E+14 8.76760000E+14 8.70420000E+14 8.64830000E+14 8.59810000E+14
 8.51080000E+14 8.43670000E+14 8.37180000E+14 8.31430000E+14 8.26290000E+14
 8.21610000E+14 8.03310000E+14 7.90260000E+14 7.80370000E+14 7.72560000E+14
 7.61090000E+14 7.47720000E+14 7.41280000E+14 7.38730000E+14 7.41600000E+14
 7.65410000E+14 8.18120000E+14 8.99650000E+14 1.07370000E+15 1.50720000E+15
 2.66700000E+15 4.28540000E+15 6.96130000E+15 1.39060000E+15 1.39060000E+15
 1.39050000E+15 1.39040000E+15 1.39030000E+15 1.39020000E+15 1.38990000E+15
 1.38960000E+15 1.38920000E+15 1.38840000E+15 1.38740000E+15 1.38670000E+15
 1.38400000E+15 1.38270000E+15 1.38130000E+15 1.37920000E+15 1.37730000E+15
 1.37430000E+15 1.37110000E+15 1.36770000E+15 1.36280000E+15 1.36030000E+15
 1.35820000E+15 1.35450000E+15 1.35130000E+15 1.34860000E+15 1.34380000E+15
 1.33980000E+15 1.33630000E+15 1.33320000E+15 1.33030000E+15 1.32780000E+15
 1.32650000E+15 1.32540000E+15 1.32520000E+15 1.32420000E+15 1.32320000E+15
 1.32110000E+15 1.31720000E+15 1.31670000E+15 1.31380000E+15 1.31260000E+15
 1.31200000E+15 1.31060000E+15 1.30790000E+15 1.30760000E+15 1.30100000E+15
 1.29520000E+15 1.29010000E+15 1.28550000E+15 1.27720000E+15 1.27020000E+15
 1.26390000E+15 1.25830000E+15 1.25320000E+15 1.24850000E+15 1.22960000E+15
 1.21560000E+15 1.20450000E+15 1.19540000E+15 1.18120000E+15 1.16250000E+15
 1.15130000E+15 1.14430000E+15 1.13740000E+15 1.14570000E+15 1.18000000E+15
 1.24170000E+15 1.38440000E+15 1.76460000E+15 2.85130000E+15 4.42810000E+15
 7.07650000E+15 2.18950000E+15 2.18950000E+15 2.18990000E+15 2.19050000E+15
 2.19100000E+15 2.19150000E+15 2.19210000E+15 2.19250000E+15 2.19290000E+15
 2.19320000E+15 2.19320000E+15 2.19310000E+15 2.19280000E+15 2.19230000E+15
 2.19170000E+15 2.19070000E+15 2.18810000E+15 2.18620000E+15 2.18400000E+15
 2.18160000E+15 2.17790000E+15 2.17600000E+15 2.17430000E+15 2.17140000E+15
 2.16890000E+15 2.16660000E+15 2.16280000E+15 2.15950000E+15 2.15660000E+15
 2.15400000E+15 2.15170000E+15 2.14950000E+15 2.14850000E+15 2.14750000E+15
 2.14730000E+15 2.14660000E+15 2.14570000E+15 2.14390000E+15 2.14080000E+15
 2.14030000E+15 2.13780000E+15 2.13690000E+15 2.13640000E+15 2.13520000E+15
 2.13290000E+15 2.13270000E+15 2.12710000E+15 2.12220000E+15 2.11770000E+15
 2.11370000E+15 2.10650000E+15 2.10030000E+15 2.09470000E+15 2.08970000E+15
 2.08510000E+15 2.08080000E+15 2.06320000E+15 2.04970000E+15 2.03860000E+15
 2.02930000E+15 2.01420000E+15 1.99250000E+15 1.97760000E+15 1.96690000E+15
 1.95070000E+15 1.94160000E+15 1.95340000E+15 1.98950000E+15 2.08950000E+15
 2.38870000E+15 3.33120000E+15 4.79850000E+15 7.36320000E+15 4.96850000E+15
 4.96850000E+15 4.96990000E+15 4.97210000E+15 4.97390000E+15 4.97580000E+15
 4.97870000E+15 4.98090000E+15 4.98330000E+15 4.98660000E+15 4.98900000E+15
 4.99040000E+15 4.99210000E+15 4.99350000E+15 4.99470000E+15 4.99580000E+15
 4.99660000E+15 4.99720000E+15 4.99730000E+15 4.99710000E+15 4.99510000E+15
 4.99440000E+15 4.99480000E+15 4.99360000E+15 4.99110000E+15 4.99000000E+15
 4.98780000E+15 4.98590000E+15 4.98550000E+15 4.98260000E+15 4.98100000E+15
 4.97970000E+15 4.97900000E+15 4.97840000E+15 4.97830000E+15 4.97780000E+15
 4.97720000E+15 4.97610000E+15 4.97410000E+15 4.97380000E+15 4.97200000E+15
 4.97140000E+15 4.97100000E+15 4.97020000E+15 4.96870000E+15 4.96850000E+15
 4.96470000E+15 4.96120000E+15 4.95810000E+15 4.95510000E+15 4.94980000E+15
 4.94520000E+15 4.94100000E+15 4.93710000E+15 4.93360000E+15 4.93030000E+15
 4.91650000E+15 4.90550000E+15 4.89630000E+15 4.88830000E+15 4.87510000E+15
 4.85510000E+15 4.84000000E+15 4.82820000E+15 4.80700000E+15 4.78350000E+15
 4.77080000E+15 4.77370000E+15 4.81040000E+15 4.97130000E+15 5.59860000E+15
 6.71610000E+15 8.88670000E+15 8.13720000E+15 8.13720000E+15 8.13950000E+15
 8.14300000E+15 8.14600000E+15 8.14930000E+15 8.15410000E+15 8.15810000E+15
 8.16240000E+15 8.16830000E+15 8.17310000E+15 8.17590000E+15 8.17950000E+15
 8.18270000E+15 8.18550000E+15 8.18880000E+15 8.19130000E+15 8.19420000E+15
 8.19660000E+15 8.19820000E+15 8.19980000E+15 8.20030000E+15 8.20050000E+15
 8.20070000E+15 8.20060000E+15 8.20050000E+15 8.19980000E+15 8.19910000E+15
 8.19830000E+15 8.19660000E+15 8.19580000E+15 8.19610000E+15 8.19580000E+15
 8.19440000E+15 8.19430000E+15 8.19410000E+15 8.19390000E+15 8.19310000E+15
 8.19200000E+15 8.19190000E+15 8.19080000E+15 8.19040000E+15 8.19010000E+15
 8.18960000E+15 8.18860000E+15 8.18850000E+15 8.18600000E+15 8.18360000E+15
 8.18140000E+15 8.17920000E+15 8.17530000E+15 8.17180000E+15 8.16850000E+15
 8.16550000E+15 8.16270000E+15 8.16010000E+15 8.14880000E+15 8.13970000E+15
 8.13190000E+15 8.12520000E+15 8.11380000E+15 8.09610000E+15 8.08270000E+15
 8.07180000E+15 8.05160000E+15 8.02730000E+15 8.00970000E+15 8.00330000E+15
 8.01790000E+15 8.11870000E+15 8.57640000E+15 9.45590000E+15 1.12660000E+16
 1.60520000E+16 1.60520000E+16 1.60560000E+16 1.60620000E+16 1.60670000E+16
 1.60740000E+16 1.60820000E+16 1.60900000E+16 1.60980000E+16 1.61100000E+16
 1.61200000E+16 1.61260000E+16 1.61330000E+16 1.61410000E+16 1.61470000E+16
 1.61550000E+16 1.61620000E+16 1.61700000E+16 1.61770000E+16 1.61830000E+16
 1.61910000E+16 1.61940000E+16 1.61960000E+16 1.61990000E+16 1.62020000E+16
 1.62040000E+16 1.62070000E+16 1.62090000E+16 1.62100000E+16 1.62110000E+16
 1.62120000E+16 1.62130000E+16 1.62130000E+16 1.62140000E+16 1.62140000E+16
 1.62140000E+16 1.62140000E+16 1.62150000E+16 1.62150000E+16 1.62150000E+16
 1.62160000E+16 1.62160000E+16 1.62160000E+16 1.62160000E+16 1.62170000E+16
 1.62170000E+16 1.62170000E+16 1.62170000E+16 1.62160000E+16 1.62160000E+16
 1.62150000E+16 1.62150000E+16 1.62120000E+16 1.62110000E+16 1.62090000E+16
 1.62080000E+16 1.62020000E+16 1.61970000E+16 1.61920000E+16 1.61870000E+16
 1.61800000E+16 1.61670000E+16 1.61570000E+16 1.61480000E+16 1.61320000E+16
 1.61110000E+16 1.60940000E+16 1.60830000E+16 1.60840000E+16 1.61360000E+16
 1.64240000E+16 1.70260000E+16 1.83400000E+16 3.97800000E+16 3.97800000E+16
 3.97880000E+16 3.98010000E+16 3.98120000E+16 3.98250000E+16 3.98440000E+16
 3.98600000E+16 3.98780000E+16 3.99040000E+16 3.99260000E+16 3.99400000E+16
 3.99580000E+16 3.99760000E+16 3.99920000E+16 4.00120000E+16 4.00290000E+16
 4.00510000E+16 4.00710000E+16 4.00890000E+16 4.01120000E+16 4.01220000E+16
 4.01300000E+16 4.01430000E+16 4.01530000E+16 4.01610000E+16 4.01740000E+16
 4.01830000E+16 4.01910000E+16 4.01970000E+16 4.02030000E+16 4.02080000E+16
 4.02100000E+16 4.02120000E+16 4.02120000E+16 4.02140000E+16 4.02160000E+16
 4.02190000E+16 4.02260000E+16 4.02270000E+16 4.02310000E+16 4.02330000E+16
 4.02340000E+16 4.02360000E+16 4.02390000E+16 4.02400000E+16 4.02480000E+16
 4.02550000E+16 4.02600000E+16 4.02640000E+16 4.02710000E+16 4.02770000E+16
 4.02810000E+16 4.02850000E+16 4.02880000E+16 4.02900000E+16 4.02990000E+16
 4.03040000E+16 4.03070000E+16 4.03090000E+16 4.03110000E+16 4.03130000E+16
 4.03120000E+16 4.03110000E+16 4.03070000E+16 4.03010000E+16 4.02940000E+16
 4.02900000E+16 4.02920000E+16 4.03230000E+16 4.04970000E+16 4.08660000E+16
 4.16930000E+16 7.93130000E+16 7.93130000E+16 7.93280000E+16 7.93500000E+16
 7.93680000E+16 7.93900000E+16 7.94230000E+16 7.94500000E+16 7.94810000E+16
 7.95280000E+16 7.95670000E+16 7.95910000E+16 7.96240000E+16 7.96560000E+16
 7.96860000E+16 7.97240000E+16 7.97560000E+16 7.97980000E+16 7.98380000E+16
 7.98730000E+16 7.99200000E+16 7.99400000E+16 7.99570000E+16 7.99840000E+16
 8.00050000E+16 8.00220000E+16 8.00500000E+16 8.00710000E+16 8.00880000E+16
 8.01030000E+16 8.01160000E+16 8.01270000E+16 8.01330000E+16 8.01380000E+16
 8.01390000E+16 8.01420000E+16 8.01470000E+16 8.01550000E+16 8.01700000E+16
 8.01720000E+16 8.01830000E+16 8.01870000E+16 8.01890000E+16 8.01940000E+16
 8.02040000E+16 8.02050000E+16 8.02260000E+16 8.02430000E+16 8.02570000E+16
 8.02700000E+16 8.02900000E+16 8.03060000E+16 8.03200000E+16 8.03310000E+16
 8.03410000E+16 8.03500000E+16 8.03840000E+16 8.04050000E+16 8.04220000E+16
 8.04340000E+16 8.04530000E+16 8.04790000E+16 8.04950000E+16 8.05070000E+16
 8.05260000E+16 8.05480000E+16 8.05650000E+16 8.05800000E+16 8.06010000E+16
 8.06500000E+16 8.08040000E+16 8.10890000E+16 8.17020000E+16
