Diamond Created by C. Krill & D. Tsapetis on Dec 14 2021 Diamond EOS table created from REODP data
   345      6.00000000E+00 1.20100000E+01 3.51400000E+00   105
 1.10000000E+01 4.00000000E+00 3.51000000E+00 3.52380000E+00 3.80500000E+00
 4.10850000E+00 4.43630000E+00 4.79020000E+00 5.17230000E+00 5.58490000E+00
 6.03050000E+00 6.51150000E+00 7.03100000E+00 0.00000000E+00 2.56889485E-05
 4.99969535E-04 9.99949070E-04 1.03025639E+13 8.28227034E+12 6.45326661E+12
 4.91322995E+12 3.61097146E+12 2.50775559E+12 1.70222089E+12 1.10714169E+12
 5.77058571E+11 8.46518578E+10 6.53863795E+10 1.03004139E+13 8.28032582E+12
 6.45156484E+12 4.91181754E+12 3.60988650E+12 2.50702853E+12 1.70191972E+12
 1.10730907E+12 5.77698171E+11 8.57574941E+10 6.65160544E+10 1.05106884E+13
 8.49431046E+12 6.66993391E+12 5.13540473E+12 3.83927472E+12 2.74266793E+12
 1.94508486E+12 1.35886945E+12 8.37820146E+11 3.55154028E+11 3.36413980E+11
 1.12518648E+13 9.24031132E+12 7.42091631E+12 5.89137117E+12 4.60033000E+12
 3.50912840E+12 2.71775803E+12 2.13869653E+12 1.62597839E+12 1.15319124E+12
 1.13499226E+12-2.68368727E+11-3.53403987E+11-4.35417277E+11-5.12592256E+11
-5.82923078E+11-6.41168920E+11-6.88300681E+11-7.18879153E+11-7.25828639E+11
-7.18908961E+11-7.17342556E+11-2.66200815E+11-3.50971170E+11-4.32698474E+11
-5.09573705E+11-5.79802466E+11-6.37447428E+11-6.84263772E+11-7.14348418E+11
-7.20633669E+11-7.13940092E+11-7.12080333E+11-1.80867782E+11-2.61198062E+11
-3.44684845E+11-4.13648570E+11-4.72310937E+11-5.25146741E+11-5.64227513E+11
-5.74720326E+11-5.83216063E+11-5.53495344E+11-5.51041165E+11 3.88263429E+09
-7.32212049E+10-1.44143707E+11-2.09287108E+11-2.66309129E+11-3.12962336E+11
-3.44062422E+11-3.57099978E+11-3.46642271E+11-3.06666856E+11-3.03705741E+11
